9999 24077
9998 24069
9997 24062
9996 24055
9995 24048
9994 24040
9993 24033
9992 24026
9991 24019
9990 24012
9989 24004
9988 23997
9987 23990
9986 23983
9985 23975
9984 23968
9983 23961
9982 23954
9981 23947
9980 23939
9979 23932
9978 23925
9977 23918
9976 23911
9975 23904
9974 23896
9973 23889
9972 23882
9971 23875
9970 23868
9969 23860
9968 23853
9967 23846
9966 23839
9965 23832
9964 23825
9963 23817
9962 23810
9961 23803
9960 23796
9959 23789
9958 23781
9957 23774
9956 23767
9955 23760
9954 23753
9953 23746
9952 23739
9951 23731
9950 23724
9949 23717
9948 23710
9947 23703
9946 23696
9945 23688
9944 23681
9943 23674
9942 23667
9941 23660
9940 23653
9939 23646
9938 23638
9937 23631
9936 23624
9935 23617
9934 23610
9933 23603
9932 23596
9931 23589
9930 23581
9929 23574
9928 23567
9927 23560
9926 23553
9925 23546
9924 23539
9923 23532
9922 23524
9921 23517
9920 23510
9919 23503
9918 23496
9917 23489
9916 23482
9915 23475
9914 23468
9913 23460
9912 23453
9911 23446
9910 23439
9909 23432
9908 23425
9907 23418
9906 23411
9905 23404
9904 23397
9903 23390
9902 23382
9901 23375
9900 23368
9899 23361
9898 23354
9897 23347
9896 23340
9895 23333
9894 23326
9893 23319
9892 23312
9891 23305
9890 23298
9889 23290
9888 23283
9887 23276
9886 23269
9885 23262
9884 23255
9883 23248
9882 23241
9881 23234
9880 23227
9879 23220
9878 23213
9877 23206
9876 23199
9875 23192
9874 23185
9873 23178
9872 23171
9871 23163
9870 23156
9869 23149
9868 23142
9867 23135
9866 23128
9865 23121
9864 23114
9863 23107
9862 23100
9861 23093
9860 23086
9859 23079
9858 23072
9857 23065
9856 23058
9855 23051
9854 23044
9853 23037
9852 23030
9851 23023
9850 23016
9849 23009
9848 23002
9847 22995
9846 22988
9845 22981
9844 22974
9843 22967
9842 22960
9841 22953
9840 22946
9839 22939
9838 22932
9837 22925
9836 22918
9835 22911
9834 22904
9833 22897
9832 22890
9831 22883
9830 22876
9829 22869
9828 22862
9827 22855
9826 22848
9825 22841
9824 22834
9823 22827
9822 22820
9821 22813
9820 22806
9819 22799
9818 22792
9817 22785
9816 22778
9815 22771
9814 22764
9813 22757
9812 22750
9811 22744
9810 22737
9809 22730
9808 22723
9807 22716
9806 22709
9805 22702
9804 22695
9803 22688
9802 22681
9801 22674
9800 22667
9799 22660
9798 22653
9797 22646
9796 22639
9795 22632
9794 22625
9793 22619
9792 22612
9791 22605
9790 22598
9789 22591
9788 22584
9787 22577
9786 22570
9785 22563
9784 22556
9783 22549
9782 22542
9781 22535
9780 22529
9779 22522
9778 22515
9777 22508
9776 22501
9775 22494
9774 22487
9773 22480
9772 22473
9771 22466
9770 22460
9769 22453
9768 22446
9767 22439
9766 22432
9765 22425
9764 22418
9763 22411
9762 22404
9761 22398
9760 22391
9759 22384
9758 22377
9757 22370
9756 22363
9755 22356
9754 22349
9753 22342
9752 22336
9751 22329
9750 22322
9749 22315
9748 22308
9747 22301
9746 22294
9745 22288
9744 22281
9743 22274
9742 22267
9741 22260
9740 22253
9739 22246
9738 22240
9737 22233
9736 22226
9735 22219
9734 22212
9733 22205
9732 22198
9731 22192
9730 22185
9729 22178
9728 22171
9727 22164
9726 22157
9725 22151
9724 22144
9723 22137
9722 22130
9721 22123
9720 22116
9719 22110
9718 22103
9717 22096
9716 22089
9715 22082
9714 22075
9713 22069
9712 22062
9711 22055
9710 22048
9709 22041
9708 22035
9707 22028
9706 22021
9705 22014
9704 22007
9703 22001
9702 21994
9701 21987
9700 21980
9699 21973
9698 21967
9697 21960
9696 21953
9695 21946
9694 21939
9693 21933
9692 21926
9691 21919
9690 21912
9689 21905
9688 21899
9687 21892
9686 21885
9685 21878
9684 21872
9683 21865
9682 21858
9681 21851
9680 21844
9679 21838
9678 21831
9677 21824
9676 21817
9675 21811
9674 21804
9673 21797
9672 21790
9671 21784
9670 21777
9669 21770
9668 21763
9667 21756
9666 21750
9665 21743
9664 21736
9663 21729
9662 21723
9661 21716
9660 21709
9659 21703
9658 21696
9657 21689
9656 21682
9655 21676
9654 21669
9653 21662
9652 21655
9651 21649
9650 21642
9649 21635
9648 21628
9647 21622
9646 21615
9645 21608
9644 21602
9643 21595
9642 21588
9641 21581
9640 21575
9639 21568
9638 21561
9637 21555
9636 21548
9635 21541
9634 21534
9633 21528
9632 21521
9631 21514
9630 21508
9629 21501
9628 21494
9627 21487
9626 21481
9625 21474
9624 21467
9623 21461
9622 21454
9621 21447
9620 21441
9619 21434
9618 21427
9617 21421
9616 21414
9615 21407
9614 21401
9613 21394
9612 21387
9611 21380
9610 21374
9609 21367
9608 21360
9607 21354
9606 21347
9605 21340
9604 21334
9603 21327
9602 21320
9601 21314
9600 21307
9599 21300
9598 21294
9597 21287
9596 21281
9595 21274
9594 21267
9593 21261
9592 21254
9591 21247
9590 21241
9589 21234
9588 21227
9587 21221
9586 21214
9585 21207
9584 21201
9583 21194
9582 21187
9581 21181
9580 21174
9579 21168
9578 21161
9577 21154
9576 21148
9575 21141
9574 21134
9573 21128
9572 21121
9571 21115
9570 21108
9569 21101
9568 21095
9567 21088
9566 21082
9565 21075
9564 21068
9563 21062
9562 21055
9561 21048
9560 21042
9559 21035
9558 21029
9557 21022
9556 21015
9555 21009
9554 21002
9553 20996
9552 20989
9551 20982
9550 20976
9549 20969
9548 20963
9547 20956
9546 20950
9545 20943
9544 20936
9543 20930
9542 20923
9541 20917
9540 20910
9539 20903
9538 20897
9537 20890
9536 20884
9535 20877
9534 20871
9533 20864
9532 20857
9531 20851
9530 20844
9529 20838
9528 20831
9527 20825
9526 20818
9525 20812
9524 20805
9523 20798
9522 20792
9521 20785
9520 20779
9519 20772
9518 20766
9517 20759
9516 20753
9515 20746
9514 20740
9513 20733
9512 20726
9511 20720
9510 20713
9509 20707
9508 20700
9507 20694
9506 20687
9505 20681
9504 20674
9503 20668
9502 20661
9501 20655
9500 20648
9499 20642
9498 20635
9497 20629
9496 20622
9495 20615
9494 20609
9493 20602
9492 20596
9491 20589
9490 20583
9489 20576
9488 20570
9487 20563
9486 20557
9485 20550
9484 20544
9483 20537
9482 20531
9481 20524
9480 20518
9479 20511
9478 20505
9477 20498
9476 20492
9475 20485
9474 20479
9473 20472
9472 20466
9471 20460
9470 20453
9469 20447
9468 20440
9467 20434
9466 20427
9465 20421
9464 20414
9463 20408
9462 20401
9461 20395
9460 20388
9459 20382
9458 20375
9457 20369
9456 20362
9455 20356
9454 20350
9453 20343
9452 20337
9451 20330
9450 20324
9449 20317
9448 20311
9447 20304
9446 20298
9445 20291
9444 20285
9443 20279
9442 20272
9441 20266
9440 20259
9439 20253
9438 20246
9437 20240
9436 20233
9435 20227
9434 20221
9433 20214
9432 20208
9431 20201
9430 20195
9429 20188
9428 20182
9427 20176
9426 20169
9425 20163
9424 20156
9423 20150
9422 20144
9421 20137
9420 20131
9419 20124
9418 20118
9417 20111
9416 20105
9415 20099
9414 20092
9413 20086
9412 20079
9411 20073
9410 20067
9409 20060
9408 20054
9407 20047
9406 20041
9405 20035
9404 20028
9403 20022
9402 20015
9401 20009
9400 20003
9399 19996
9398 19990
9397 19984
9396 19977
9395 19971
9394 19964
9393 19958
9392 19952
9391 19945
9390 19939
9389 19933
9388 19926
9387 19920
9386 19913
9385 19907
9384 19901
9383 19894
9382 19888
9381 19882
9380 19875
9379 19869
9378 19863
9377 19856
9376 19850
9375 19844
9374 19837
9373 19831
9372 19824
9371 19818
9370 19812
9369 19805
9368 19799
9367 19793
9366 19786
9365 19780
9364 19774
9363 19767
9362 19761
9361 19755
9360 19748
9359 19742
9358 19736
9357 19729
9356 19723
9355 19717
9354 19710
9353 19704
9352 19698
9351 19691
9350 19685
9349 19679
9348 19673
9347 19666
9346 19660
9345 19654
9344 19647
9343 19641
9342 19635
9341 19628
9340 19622
9339 19616
9338 19609
9337 19603
9336 19597
9335 19591
9334 19584
9333 19578
9332 19572
9331 19565
9330 19559
9329 19553
9328 19546
9327 19540
9326 19534
9325 19528
9324 19521
9323 19515
9322 19509
9321 19502
9320 19496
9319 19490
9318 19484
9317 19477
9316 19471
9315 19465
9314 19459
9313 19452
9312 19446
9311 19440
9310 19434
9309 19427
9308 19421
9307 19415
9306 19408
9305 19402
9304 19396
9303 19390
9302 19383
9301 19377
9300 19371
9299 19365
9298 19358
9297 19352
9296 19346
9295 19340
9294 19333
9293 19327
9292 19321
9291 19315
9290 19309
9289 19302
9288 19296
9287 19290
9286 19284
9285 19277
9284 19271
9283 19265
9282 19259
9281 19252
9280 19246
9279 19240
9278 19234
9277 19228
9276 19221
9275 19215
9274 19209
9273 19203
9272 19196
9271 19190
9270 19184
9269 19178
9268 19172
9267 19165
9266 19159
9265 19153
9264 19147
9263 19141
9262 19134
9261 19128
9260 19122
9259 19116
9258 19110
9257 19103
9256 19097
9255 19091
9254 19085
9253 19079
9252 19072
9251 19066
9250 19060
9249 19054
9248 19048
9247 19042
9246 19035
9245 19029
9244 19023
9243 19017
9242 19011
9241 19005
9240 18998
9239 18992
9238 18986
9237 18980
9236 18974
9235 18968
9234 18961
9233 18955
9232 18949
9231 18943
9230 18937
9229 18931
9228 18924
9227 18918
9226 18912
9225 18906
9224 18900
9223 18894
9222 18888
9221 18881
9220 18875
9219 18869
9218 18863
9217 18857
9216 18851
9215 18845
9214 18838
9213 18832
9212 18826
9211 18820
9210 18814
9209 18808
9208 18802
9207 18795
9206 18789
9205 18783
9204 18777
9203 18771
9202 18765
9201 18759
9200 18753
9199 18747
9198 18740
9197 18734
9196 18728
9195 18722
9194 18716
9193 18710
9192 18704
9191 18698
9190 18692
9189 18685
9188 18679
9187 18673
9186 18667
9185 18661
9184 18655
9183 18649
9182 18643
9181 18637
9180 18631
9179 18624
9178 18618
9177 18612
9176 18606
9175 18600
9174 18594
9173 18588
9172 18582
9171 18576
9170 18570
9169 18564
9168 18558
9167 18552
9166 18545
9165 18539
9164 18533
9163 18527
9162 18521
9161 18515
9160 18509
9159 18503
9158 18497
9157 18491
9156 18485
9155 18479
9154 18473
9153 18467
9152 18461
9151 18455
9150 18448
9149 18442
9148 18436
9147 18430
9146 18424
9145 18418
9144 18412
9143 18406
9142 18400
9141 18394
9140 18388
9139 18382
9138 18376
9137 18370
9136 18364
9135 18358
9134 18352
9133 18346
9132 18340
9131 18334
9130 18328
9129 18322
9128 18316
9127 18310
9126 18304
9125 18298
9124 18292
9123 18286
9122 18280
9121 18274
9120 18268
9119 18262
9118 18256
9117 18250
9116 18244
9115 18238
9114 18232
9113 18226
9112 18220
9111 18214
9110 18208
9109 18202
9108 18196
9107 18190
9106 18184
9105 18178
9104 18172
9103 18166
9102 18160
9101 18154
9100 18148
9099 18142
9098 18136
9097 18130
9096 18124
9095 18118
9094 18112
9093 18106
9092 18100
9091 18094
9090 18088
9089 18082
9088 18076
9087 18070
9086 18064
9085 18058
9084 18052
9083 18046
9082 18040
9081 18034
9080 18028
9079 18022
9078 18016
9077 18010
9076 18004
9075 17998
9074 17992
9073 17987
9072 17981
9071 17975
9070 17969
9069 17963
9068 17957
9067 17951
9066 17945
9065 17939
9064 17933
9063 17927
9062 17921
9061 17915
9060 17909
9059 17903
9058 17897
9057 17891
9056 17886
9055 17880
9054 17874
9053 17868
9052 17862
9051 17856
9050 17850
9049 17844
9048 17838
9047 17832
9046 17826
9045 17820
9044 17815
9043 17809
9042 17803
9041 17797
9040 17791
9039 17785
9038 17779
9037 17773
9036 17767
9035 17761
9034 17756
9033 17750
9032 17744
9031 17738
9030 17732
9029 17726
9028 17720
9027 17714
9026 17708
9025 17702
9024 17697
9023 17691
9022 17685
9021 17679
9020 17673
9019 17667
9018 17661
9017 17655
9016 17650
9015 17644
9014 17638
9013 17632
9012 17626
9011 17620
9010 17614
9009 17608
9008 17603
9007 17597
9006 17591
9005 17585
9004 17579
9003 17573
9002 17567
9001 17562
9000 17556
8999 17550
8998 17544
8997 17538
8996 17532
8995 17526
8994 17521
8993 17515
8992 17509
8991 17503
8990 17497
8989 17491
8988 17486
8987 17480
8986 17474
8985 17468
8984 17462
8983 17456
8982 17451
8981 17445
8980 17439
8979 17433
8978 17427
8977 17421
8976 17416
8975 17410
8974 17404
8973 17398
8972 17392
8971 17387
8970 17381
8969 17375
8968 17369
8967 17363
8966 17357
8965 17352
8964 17346
8963 17340
8962 17334
8961 17328
8960 17323
8959 17317
8958 17311
8957 17305
8956 17299
8955 17294
8954 17288
8953 17282
8952 17276
8951 17270
8950 17265
8949 17259
8948 17253
8947 17247
8946 17242
8945 17236
8944 17230
8943 17224
8942 17218
8941 17213
8940 17207
8939 17201
8938 17195
8937 17190
8936 17184
8935 17178
8934 17172
8933 17166
8932 17161
8931 17155
8930 17149
8929 17143
8928 17138
8927 17132
8926 17126
8925 17120
8924 17115
8923 17109
8922 17103
8921 17097
8920 17092
8919 17086
8918 17080
8917 17074
8916 17069
8915 17063
8914 17057
8913 17051
8912 17046
8911 17040
8910 17034
8909 17028
8908 17023
8907 17017
8906 17011
8905 17006
8904 17000
8903 16994
8902 16988
8901 16983
8900 16977
8899 16971
8898 16965
8897 16960
8896 16954
8895 16948
8894 16943
8893 16937
8892 16931
8891 16925
8890 16920
8889 16914
8888 16908
8887 16903
8886 16897
8885 16891
8884 16885
8883 16880
8882 16874
8881 16868
8880 16863
8879 16857
8878 16851
8877 16846
8876 16840
8875 16834
8874 16828
8873 16823
8872 16817
8871 16811
8870 16806
8869 16800
8868 16794
8867 16789
8866 16783
8865 16777
8864 16772
8863 16766
8862 16760
8861 16755
8860 16749
8859 16743
8858 16738
8857 16732
8856 16726
8855 16721
8854 16715
8853 16709
8852 16704
8851 16698
8850 16692
8849 16687
8848 16681
8847 16675
8846 16670
8845 16664
8844 16658
8843 16653
8842 16647
8841 16641
8840 16636
8839 16630
8838 16624
8837 16619
8836 16613
8835 16608
8834 16602
8833 16596
8832 16591
8831 16585
8830 16579
8829 16574
8828 16568
8827 16562
8826 16557
8825 16551
8824 16546
8823 16540
8822 16534
8821 16529
8820 16523
8819 16517
8818 16512
8817 16506
8816 16501
8815 16495
8814 16489
8813 16484
8812 16478
8811 16473
8810 16467
8809 16461
8808 16456
8807 16450
8806 16444
8805 16439
8804 16433
8803 16428
8802 16422
8801 16416
8800 16411
8799 16405
8798 16400
8797 16394
8796 16389
8795 16383
8794 16377
8793 16372
8792 16366
8791 16361
8790 16355
8789 16349
8788 16344
8787 16338
8786 16333
8785 16327
8784 16322
8783 16316
8782 16310
8781 16305
8780 16299
8779 16294
8778 16288
8777 16283
8776 16277
8775 16271
8774 16266
8773 16260
8772 16255
8771 16249
8770 16244
8769 16238
8768 16232
8767 16227
8766 16221
8765 16216
8764 16210
8763 16205
8762 16199
8761 16194
8760 16188
8759 16183
8758 16177
8757 16171
8756 16166
8755 16160
8754 16155
8753 16149
8752 16144
8751 16138
8750 16133
8749 16127
8748 16122
8747 16116
8746 16111
8745 16105
8744 16099
8743 16094
8742 16088
8741 16083
8740 16077
8739 16072
8738 16066
8737 16061
8736 16055
8735 16050
8734 16044
8733 16039
8732 16033
8731 16028
8730 16022
8729 16017
8728 16011
8727 16006
8726 16000
8725 15995
8724 15989
8723 15984
8722 15978
8721 15973
8720 15967
8719 15962
8718 15956
8717 15951
8716 15945
8715 15940
8714 15934
8713 15929
8712 15923
8711 15918
8710 15912
8709 15907
8708 15901
8707 15896
8706 15890
8705 15885
8704 15880
8703 15874
8702 15869
8701 15863
8700 15858
8699 15852
8698 15847
8697 15841
8696 15836
8695 15830
8694 15825
8693 15819
8692 15814
8691 15808
8690 15803
8689 15798
8688 15792
8687 15787
8686 15781
8685 15776
8684 15770
8683 15765
8682 15759
8681 15754
8680 15748
8679 15743
8678 15738
8677 15732
8676 15727
8675 15721
8674 15716
8673 15710
8672 15705
8671 15700
8670 15694
8669 15689
8668 15683
8667 15678
8666 15672
8665 15667
8664 15662
8663 15656
8662 15651
8661 15645
8660 15640
8659 15634
8658 15629
8657 15624
8656 15618
8655 15613
8654 15607
8653 15602
8652 15597
8651 15591
8650 15586
8649 15580
8648 15575
8647 15569
8646 15564
8645 15559
8644 15553
8643 15548
8642 15542
8641 15537
8640 15532
8639 15526
8638 15521
8637 15516
8636 15510
8635 15505
8634 15499
8633 15494
8632 15489
8631 15483
8630 15478
8629 15472
8628 15467
8627 15462
8626 15456
8625 15451
8624 15446
8623 15440
8622 15435
8621 15429
8620 15424
8619 15419
8618 15413
8617 15408
8616 15403
8615 15397
8614 15392
8613 15387
8612 15381
8611 15376
8610 15370
8609 15365
8608 15360
8607 15354
8606 15349
8605 15344
8604 15338
8603 15333
8602 15328
8601 15322
8600 15317
8599 15312
8598 15306
8597 15301
8596 15296
8595 15290
8594 15285
8593 15280
8592 15274
8591 15269
8590 15264
8589 15258
8588 15253
8587 15248
8586 15242
8585 15237
8584 15232
8583 15226
8582 15221
8581 15216
8580 15210
8579 15205
8578 15200
8577 15194
8576 15189
8575 15184
8574 15178
8573 15173
8572 15168
8571 15162
8570 15157
8569 15152
8568 15147
8567 15141
8566 15136
8565 15131
8564 15125
8563 15120
8562 15115
8561 15109
8560 15104
8559 15099
8558 15094
8557 15088
8556 15083
8555 15078
8554 15072
8553 15067
8552 15062
8551 15057
8550 15051
8549 15046
8548 15041
8547 15035
8546 15030
8545 15025
8544 15020
8543 15014
8542 15009
8541 15004
8540 14998
8539 14993
8538 14988
8537 14983
8536 14977
8535 14972
8534 14967
8533 14962
8532 14956
8531 14951
8530 14946
8529 14941
8528 14935
8527 14930
8526 14925
8525 14920
8524 14914
8523 14909
8522 14904
8521 14899
8520 14893
8519 14888
8518 14883
8517 14878
8516 14872
8515 14867
8514 14862
8513 14857
8512 14851
8511 14846
8510 14841
8509 14836
8508 14830
8507 14825
8506 14820
8505 14815
8504 14810
8503 14804
8502 14799
8501 14794
8500 14789
8499 14783
8498 14778
8497 14773
8496 14768
8495 14763
8494 14757
8493 14752
8492 14747
8491 14742
8490 14737
8489 14731
8488 14726
8487 14721
8486 14716
8485 14710
8484 14705
8483 14700
8482 14695
8481 14690
8480 14684
8479 14679
8478 14674
8477 14669
8476 14664
8475 14659
8474 14653
8473 14648
8472 14643
8471 14638
8470 14633
8469 14627
8468 14622
8467 14617
8466 14612
8465 14607
8464 14602
8463 14596
8462 14591
8461 14586
8460 14581
8459 14576
8458 14570
8457 14565
8456 14560
8455 14555
8454 14550
8453 14545
8452 14539
8451 14534
8450 14529
8449 14524
8448 14519
8447 14514
8446 14509
8445 14503
8444 14498
8443 14493
8442 14488
8441 14483
8440 14478
8439 14472
8438 14467
8437 14462
8436 14457
8435 14452
8434 14447
8433 14442
8432 14436
8431 14431
8430 14426
8429 14421
8428 14416
8427 14411
8426 14406
8425 14401
8424 14395
8423 14390
8422 14385
8421 14380
8420 14375
8419 14370
8418 14365
8417 14360
8416 14354
8415 14349
8414 14344
8413 14339
8412 14334
8411 14329
8410 14324
8409 14319
8408 14314
8407 14308
8406 14303
8405 14298
8404 14293
8403 14288
8402 14283
8401 14278
8400 14273
8399 14268
8398 14262
8397 14257
8396 14252
8395 14247
8394 14242
8393 14237
8392 14232
8391 14227
8390 14222
8389 14217
8388 14212
8387 14207
8386 14201
8385 14196
8384 14191
8383 14186
8382 14181
8381 14176
8380 14171
8379 14166
8378 14161
8377 14156
8376 14151
8375 14146
8374 14141
8373 14135
8372 14130
8371 14125
8370 14120
8369 14115
8368 14110
8367 14105
8366 14100
8365 14095
8364 14090
8363 14085
8362 14080
8361 14075
8360 14070
8359 14065
8358 14060
8357 14055
8356 14050
8355 14044
8354 14039
8353 14034
8352 14029
8351 14024
8350 14019
8349 14014
8348 14009
8347 14004
8346 13999
8345 13994
8344 13989
8343 13984
8342 13979
8341 13974
8340 13969
8339 13964
8338 13959
8337 13954
8336 13949
8335 13944
8334 13939
8333 13934
8332 13929
8331 13924
8330 13919
8329 13914
8328 13909
8327 13904
8326 13899
8325 13894
8324 13889
8323 13884
8322 13879
8321 13874
8320 13869
8319 13864
8318 13859
8317 13854
8316 13849
8315 13844
8314 13839
8313 13834
8312 13829
8311 13824
8310 13819
8309 13814
8308 13809
8307 13804
8306 13799
8305 13794
8304 13789
8303 13784
8302 13779
8301 13774
8300 13769
8299 13764
8298 13759
8297 13754
8296 13749
8295 13744
8294 13739
8293 13734
8292 13729
8291 13724
8290 13719
8289 13714
8288 13709
8287 13704
8286 13699
8285 13694
8284 13689
8283 13684
8282 13679
8281 13674
8280 13670
8279 13665
8278 13660
8277 13655
8276 13650
8275 13645
8274 13640
8273 13635
8272 13630
8271 13625
8270 13620
8269 13615
8268 13610
8267 13605
8266 13600
8265 13595
8264 13590
8263 13585
8262 13581
8261 13576
8260 13571
8259 13566
8258 13561
8257 13556
8256 13551
8255 13546
8254 13541
8253 13536
8252 13531
8251 13526
8250 13521
8249 13517
8248 13512
8247 13507
8246 13502
8245 13497
8244 13492
8243 13487
8242 13482
8241 13477
8240 13472
8239 13467
8238 13463
8237 13458
8236 13453
8235 13448
8234 13443
8233 13438
8232 13433
8231 13428
8230 13423
8229 13418
8228 13414
8227 13409
8226 13404
8225 13399
8224 13394
8223 13389
8222 13384
8221 13379
8220 13374
8219 13370
8218 13365
8217 13360
8216 13355
8215 13350
8214 13345
8213 13340
8212 13335
8211 13331
8210 13326
8209 13321
8208 13316
8207 13311
8206 13306
8205 13301
8204 13296
8203 13292
8202 13287
8201 13282
8200 13277
8199 13272
8198 13267
8197 13262
8196 13258
8195 13253
8194 13248
8193 13243
8192 13238
8191 13233
8190 13228
8189 13224
8188 13219
8187 13214
8186 13209
8185 13204
8184 13199
8183 13195
8182 13190
8181 13185
8180 13180
8179 13175
8178 13170
8177 13166
8176 13161
8175 13156
8174 13151
8173 13146
8172 13141
8171 13137
8170 13132
8169 13127
8168 13122
8167 13117
8166 13113
8165 13108
8164 13103
8163 13098
8162 13093
8161 13088
8160 13084
8159 13079
8158 13074
8157 13069
8156 13064
8155 13060
8154 13055
8153 13050
8152 13045
8151 13040
8150 13036
8149 13031
8148 13026
8147 13021
8146 13016
8145 13012
8144 13007
8143 13002
8142 12997
8141 12992
8140 12988
8139 12983
8138 12978
8137 12973
8136 12968
8135 12964
8134 12959
8133 12954
8132 12949
8131 12945
8130 12940
8129 12935
8128 12930
8127 12925
8126 12921
8125 12916
8124 12911
8123 12906
8122 12902
8121 12897
8120 12892
8119 12887
8118 12883
8117 12878
8116 12873
8115 12868
8114 12864
8113 12859
8112 12854
8111 12849
8110 12845
8109 12840
8108 12835
8107 12830
8106 12826
8105 12821
8104 12816
8103 12811
8102 12807
8101 12802
8100 12797
8099 12792
8098 12788
8097 12783
8096 12778
8095 12773
8094 12769
8093 12764
8092 12759
8091 12754
8090 12750
8089 12745
8088 12740
8087 12736
8086 12731
8085 12726
8084 12721
8083 12717
8082 12712
8081 12707
8080 12702
8079 12698
8078 12693
8077 12688
8076 12684
8075 12679
8074 12674
8073 12669
8072 12665
8071 12660
8070 12655
8069 12651
8068 12646
8067 12641
8066 12637
8065 12632
8064 12627
8063 12622
8062 12618
8061 12613
8060 12608
8059 12604
8058 12599
8057 12594
8056 12590
8055 12585
8054 12580
8053 12576
8052 12571
8051 12566
8050 12561
8049 12557
8048 12552
8047 12547
8046 12543
8045 12538
8044 12533
8043 12529
8042 12524
8041 12519
8040 12515
8039 12510
8038 12505
8037 12501
8036 12496
8035 12491
8034 12487
8033 12482
8032 12477
8031 12473
8030 12468
8029 12463
8028 12459
8027 12454
8026 12449
8025 12445
8024 12440
8023 12435
8022 12431
8021 12426
8020 12422
8019 12417
8018 12412
8017 12408
8016 12403
8015 12398
8014 12394
8013 12389
8012 12384
8011 12380
8010 12375
8009 12370
8008 12366
8007 12361
8006 12357
8005 12352
8004 12347
8003 12343
8002 12338
8001 12333
8000 12329
7999 12324
7998 12320
7997 12315
7996 12310
7995 12306
7994 12301
7993 12296
7992 12292
7991 12287
7990 12283
7989 12278
7988 12273
7987 12269
7986 12264
7985 12260
7984 12255
7983 12250
7982 12246
7981 12241
7980 12237
7979 12232
7978 12227
7977 12223
7976 12218
7975 12214
7974 12209
7973 12204
7972 12200
7971 12195
7970 12191
7969 12186
7968 12181
7967 12177
7966 12172
7965 12168
7964 12163
7963 12158
7962 12154
7961 12149
7960 12145
7959 12140
7958 12136
7957 12131
7956 12126
7955 12122
7954 12117
7953 12113
7952 12108
7951 12104
7950 12099
7949 12094
7948 12090
7947 12085
7946 12081
7945 12076
7944 12072
7943 12067
7942 12062
7941 12058
7940 12053
7939 12049
7938 12044
7937 12040
7936 12035
7935 12031
7934 12026
7933 12022
7932 12017
7931 12012
7930 12008
7929 12003
7928 11999
7927 11994
7926 11990
7925 11985
7924 11981
7923 11976
7922 11972
7921 11967
7920 11962
7919 11958
7918 11953
7917 11949
7916 11944
7915 11940
7914 11935
7913 11931
7912 11926
7911 11922
7910 11917
7909 11913
7908 11908
7907 11904
7906 11899
7905 11895
7904 11890
7903 11886
7902 11881
7901 11877
7900 11872
7899 11868
7898 11863
7897 11859
7896 11854
7895 11850
7894 11845
7893 11841
7892 11836
7891 11832
7890 11827
7889 11823
7888 11818
7887 11814
7886 11809
7885 11805
7884 11800
7883 11796
7882 11791
7881 11787
7880 11782
7879 11778
7878 11773
7877 11769
7876 11764
7875 11760
7874 11755
7873 11751
7872 11746
7871 11742
7870 11737
7869 11733
7868 11728
7867 11724
7866 11719
7865 11715
7864 11710
7863 11706
7862 11702
7861 11697
7860 11693
7859 11688
7858 11684
7857 11679
7856 11675
7855 11670
7854 11666
7853 11661
7852 11657
7851 11652
7850 11648
7849 11644
7848 11639
7847 11635
7846 11630
7845 11626
7844 11621
7843 11617
7842 11612
7841 11608
7840 11604
7839 11599
7838 11595
7837 11590
7836 11586
7835 11581
7834 11577
7833 11572
7832 11568
7831 11564
7830 11559
7829 11555
7828 11550
7827 11546
7826 11541
7825 11537
7824 11533
7823 11528
7822 11524
7821 11519
7820 11515
7819 11511
7818 11506
7817 11502
7816 11497
7815 11493
7814 11488
7813 11484
7812 11480
7811 11475
7810 11471
7809 11466
7808 11462
7807 11458
7806 11453
7805 11449
7804 11444
7803 11440
7802 11436
7801 11431
7800 11427
7799 11422
7798 11418
7797 11414
7796 11409
7795 11405
7794 11400
7793 11396
7792 11392
7791 11387
7790 11383
7789 11378
7788 11374
7787 11370
7786 11365
7785 11361
7784 11357
7783 11352
7782 11348
7781 11343
7780 11339
7779 11335
7778 11330
7777 11326
7776 11322
7775 11317
7774 11313
7773 11308
7772 11304
7771 11300
7770 11295
7769 11291
7768 11287
7767 11282
7766 11278
7765 11274
7764 11269
7763 11265
7762 11261
7761 11256
7760 11252
7759 11247
7758 11243
7757 11239
7756 11234
7755 11230
7754 11226
7753 11221
7752 11217
7751 11213
7750 11208
7749 11204
7748 11200
7747 11195
7746 11191
7745 11187
7744 11182
7743 11178
7742 11174
7741 11169
7740 11165
7739 11161
7738 11156
7737 11152
7736 11148
7735 11143
7734 11139
7733 11135
7732 11130
7731 11126
7730 11122
7729 11117
7728 11113
7727 11109
7726 11105
7725 11100
7724 11096
7723 11092
7722 11087
7721 11083
7720 11079
7719 11074
7718 11070
7717 11066
7716 11061
7715 11057
7714 11053
7713 11049
7712 11044
7711 11040
7710 11036
7709 11031
7708 11027
7707 11023
7706 11019
7705 11014
7704 11010
7703 11006
7702 11001
7701 10997
7700 10993
7699 10988
7698 10984
7697 10980
7696 10976
7695 10971
7694 10967
7693 10963
7692 10959
7691 10954
7690 10950
7689 10946
7688 10941
7687 10937
7686 10933
7685 10929
7684 10924
7683 10920
7682 10916
7681 10912
7680 10907
7679 10903
7678 10899
7677 10895
7676 10890
7675 10886
7674 10882
7673 10878
7672 10873
7671 10869
7670 10865
7669 10860
7668 10856
7667 10852
7666 10848
7665 10844
7664 10839
7663 10835
7662 10831
7661 10827
7660 10822
7659 10818
7658 10814
7657 10810
7656 10805
7655 10801
7654 10797
7653 10793
7652 10788
7651 10784
7650 10780
7649 10776
7648 10771
7647 10767
7646 10763
7645 10759
7644 10755
7643 10750
7642 10746
7641 10742
7640 10738
7639 10734
7638 10729
7637 10725
7636 10721
7635 10717
7634 10712
7633 10708
7632 10704
7631 10700
7630 10696
7629 10691
7628 10687
7627 10683
7626 10679
7625 10675
7624 10670
7623 10666
7622 10662
7621 10658
7620 10654
7619 10649
7618 10645
7617 10641
7616 10637
7615 10633
7614 10628
7613 10624
7612 10620
7611 10616
7610 10612
7609 10608
7608 10603
7607 10599
7606 10595
7605 10591
7604 10587
7603 10582
7602 10578
7601 10574
7600 10570
7599 10566
7598 10562
7597 10557
7596 10553
7595 10549
7594 10545
7593 10541
7592 10537
7591 10532
7590 10528
7589 10524
7588 10520
7587 10516
7586 10512
7585 10507
7584 10503
7583 10499
7582 10495
7581 10491
7580 10487
7579 10482
7578 10478
7577 10474
7576 10470
7575 10466
7574 10462
7573 10458
7572 10453
7571 10449
7570 10445
7569 10441
7568 10437
7567 10433
7566 10429
7565 10424
7564 10420
7563 10416
7562 10412
7561 10408
7560 10404
7559 10400
7558 10396
7557 10391
7556 10387
7555 10383
7554 10379
7553 10375
7552 10371
7551 10367
7550 10363
7549 10358
7548 10354
7547 10350
7546 10346
7545 10342
7544 10338
7543 10334
7542 10330
7541 10326
7540 10321
7539 10317
7538 10313
7537 10309
7536 10305
7535 10301
7534 10297
7533 10293
7532 10289
7531 10285
7530 10280
7529 10276
7528 10272
7527 10268
7526 10264
7525 10260
7524 10256
7523 10252
7522 10248
7521 10244
7520 10240
7519 10235
7518 10231
7517 10227
7516 10223
7515 10219
7514 10215
7513 10211
7512 10207
7511 10203
7510 10199
7509 10195
7508 10191
7507 10186
7506 10182
7505 10178
7504 10174
7503 10170
7502 10166
7501 10162
7500 10158
7499 10154
7498 10150
7497 10146
7496 10142
7495 10138
7494 10134
7493 10130
7492 10126
7491 10121
7490 10117
7489 10113
7488 10109
7487 10105
7486 10101
7485 10097
7484 10093
7483 10089
7482 10085
7481 10081
7480 10077
7479 10073
7478 10069
7477 10065
7476 10061
7475 10057
7474 10053
7473 10049
7472 10045
7471 10041
7470 10037
7469 10033
7468 10028
7467 10024
7466 10020
7465 10016
7464 10012
7463 10008
7462 10004
7461 10000
7460 9996
7459 9992
7458 9988
7457 9984
7456 9980
7455 9976
7454 9972
7453 9968
7452 9964
7451 9960
7450 9956
7449 9952
7448 9948
7447 9944
7446 9940
7445 9936
7444 9932
7443 9928
7442 9924
7441 9920
7440 9916
7439 9912
7438 9908
7437 9904
7436 9900
7435 9896
7434 9892
7433 9888
7432 9884
7431 9880
7430 9876
7429 9872
7428 9868
7427 9864
7426 9860
7425 9856
7424 9852
7423 9848
7422 9844
7421 9840
7420 9836
7419 9832
7418 9828
7417 9824
7416 9820
7415 9816
7414 9812
7413 9808
7412 9805
7411 9801
7410 9797
7409 9793
7408 9789
7407 9785
7406 9781
7405 9777
7404 9773
7403 9769
7402 9765
7401 9761
7400 9757
7399 9753
7398 9749
7397 9745
7396 9741
7395 9737
7394 9733
7393 9729
7392 9725
7391 9721
7390 9717
7389 9713
7388 9710
7387 9706
7386 9702
7385 9698
7384 9694
7383 9690
7382 9686
7381 9682
7380 9678
7379 9674
7378 9670
7377 9666
7376 9662
7375 9658
7374 9654
7373 9651
7372 9647
7371 9643
7370 9639
7369 9635
7368 9631
7367 9627
7366 9623
7365 9619
7364 9615
7363 9611
7362 9607
7361 9603
7360 9600
7359 9596
7358 9592
7357 9588
7356 9584
7355 9580
7354 9576
7353 9572
7352 9568
7351 9564
7350 9560
7349 9557
7348 9553
7347 9549
7346 9545
7345 9541
7344 9537
7343 9533
7342 9529
7341 9525
7340 9521
7339 9518
7338 9514
7337 9510
7336 9506
7335 9502
7334 9498
7333 9494
7332 9490
7331 9486
7330 9483
7329 9479
7328 9475
7327 9471
7326 9467
7325 9463
7324 9459
7323 9455
7322 9452
7321 9448
7320 9444
7319 9440
7318 9436
7317 9432
7316 9428
7315 9424
7314 9421
7313 9417
7312 9413
7311 9409
7310 9405
7309 9401
7308 9397
7307 9394
7306 9390
7305 9386
7304 9382
7303 9378
7302 9374
7301 9370
7300 9367
7299 9363
7298 9359
7297 9355
7296 9351
7295 9347
7294 9344
7293 9340
7292 9336
7291 9332
7290 9328
7289 9324
7288 9320
7287 9317
7286 9313
7285 9309
7284 9305
7283 9301
7282 9297
7281 9294
7280 9290
7279 9286
7278 9282
7277 9278
7276 9274
7275 9271
7274 9267
7273 9263
7272 9259
7271 9255
7270 9252
7269 9248
7268 9244
7267 9240
7266 9236
7265 9232
7264 9229
7263 9225
7262 9221
7261 9217
7260 9213
7259 9210
7258 9206
7257 9202
7256 9198
7255 9194
7254 9191
7253 9187
7252 9183
7251 9179
7250 9175
7249 9172
7248 9168
7247 9164
7246 9160
7245 9156
7244 9153
7243 9149
7242 9145
7241 9141
7240 9137
7239 9134
7238 9130
7237 9126
7236 9122
7235 9119
7234 9115
7233 9111
7232 9107
7231 9103
7230 9100
7229 9096
7228 9092
7227 9088
7226 9085
7225 9081
7224 9077
7223 9073
7222 9069
7221 9066
7220 9062
7219 9058
7218 9054
7217 9051
7216 9047
7215 9043
7214 9039
7213 9036
7212 9032
7211 9028
7210 9024
7209 9021
7208 9017
7207 9013
7206 9009
7205 9006
7204 9002
7203 8998
7202 8994
7201 8991
7200 8987
7199 8983
7198 8979
7197 8976
7196 8972
7195 8968
7194 8964
7193 8961
7192 8957
7191 8953
7190 8949
7189 8946
7188 8942
7187 8938
7186 8934
7185 8931
7184 8927
7183 8923
7182 8920
7181 8916
7180 8912
7179 8908
7178 8905
7177 8901
7176 8897
7175 8893
7174 8890
7173 8886
7172 8882
7171 8879
7170 8875
7169 8871
7168 8867
7167 8864
7166 8860
7165 8856
7164 8853
7163 8849
7162 8845
7161 8841
7160 8838
7159 8834
7158 8830
7157 8827
7156 8823
7155 8819
7154 8816
7153 8812
7152 8808
7151 8804
7150 8801
7149 8797
7148 8793
7147 8790
7146 8786
7145 8782
7144 8779
7143 8775
7142 8771
7141 8768
7140 8764
7139 8760
7138 8757
7137 8753
7136 8749
7135 8746
7134 8742
7133 8738
7132 8734
7131 8731
7130 8727
7129 8723
7128 8720
7127 8716
7126 8712
7125 8709
7124 8705
7123 8701
7122 8698
7121 8694
7120 8690
7119 8687
7118 8683
7117 8679
7116 8676
7115 8672
7114 8668
7113 8665
7112 8661
7111 8658
7110 8654
7109 8650
7108 8647
7107 8643
7106 8639
7105 8636
7104 8632
7103 8628
7102 8625
7101 8621
7100 8617
7099 8614
7098 8610
7097 8606
7096 8603
7095 8599
7094 8596
7093 8592
7092 8588
7091 8585
7090 8581
7089 8577
7088 8574
7087 8570
7086 8567
7085 8563
7084 8559
7083 8556
7082 8552
7081 8548
7080 8545
7079 8541
7078 8538
7077 8534
7076 8530
7075 8527
7074 8523
7073 8519
7072 8516
7071 8512
7070 8509
7069 8505
7068 8501
7067 8498
7066 8494
7065 8491
7064 8487
7063 8483
7062 8480
7061 8476
7060 8473
7059 8469
7058 8465
7057 8462
7056 8458
7055 8455
7054 8451
7053 8447
7052 8444
7051 8440
7050 8437
7049 8433
7048 8429
7047 8426
7046 8422
7045 8419
7044 8415
7043 8411
7042 8408
7041 8404
7040 8401
7039 8397
7038 8394
7037 8390
7036 8386
7035 8383
7034 8379
7033 8376
7032 8372
7031 8369
7030 8365
7029 8361
7028 8358
7027 8354
7026 8351
7025 8347
7024 8344
7023 8340
7022 8336
7021 8333
7020 8329
7019 8326
7018 8322
7017 8319
7016 8315
7015 8311
7014 8308
7013 8304
7012 8301
7011 8297
7010 8294
7009 8290
7008 8287
7007 8283
7006 8280
7005 8276
7004 8272
7003 8269
7002 8265
7001 8262
7000 8258
6999 8255
6998 8251
6997 8248
6996 8244
6995 8241
6994 8237
6993 8234
6992 8230
6991 8226
6990 8223
6989 8219
6988 8216
6987 8212
6986 8209
6985 8205
6984 8202
6983 8198
6982 8195
6981 8191
6980 8188
6979 8184
6978 8181
6977 8177
6976 8174
6975 8170
6974 8167
6973 8163
6972 8160
6971 8156
6970 8153
6969 8149
6968 8145
6967 8142
6966 8138
6965 8135
6964 8131
6963 8128
6962 8124
6961 8121
6960 8117
6959 8114
6958 8110
6957 8107
6956 8103
6955 8100
6954 8096
6953 8093
6952 8089
6951 8086
6950 8083
6949 8079
6948 8076
6947 8072
6946 8069
6945 8065
6944 8062
6943 8058
6942 8055
6941 8051
6940 8048
6939 8044
6938 8041
6937 8037
6936 8034
6935 8030
6934 8027
6933 8023
6932 8020
6931 8016
6930 8013
6929 8009
6928 8006
6927 8002
6926 7999
6925 7996
6924 7992
6923 7989
6922 7985
6921 7982
6920 7978
6919 7975
6918 7971
6917 7968
6916 7964
6915 7961
6914 7958
6913 7954
6912 7951
6911 7947
6910 7944
6909 7940
6908 7937
6907 7933
6906 7930
6905 7926
6904 7923
6903 7920
6902 7916
6901 7913
6900 7909
6899 7906
6898 7902
6897 7899
6896 7896
6895 7892
6894 7889
6893 7885
6892 7882
6891 7878
6890 7875
6889 7871
6888 7868
6887 7865
6886 7861
6885 7858
6884 7854
6883 7851
6882 7847
6881 7844
6880 7841
6879 7837
6878 7834
6877 7830
6876 7827
6875 7824
6874 7820
6873 7817
6872 7813
6871 7810
6870 7807
6869 7803
6868 7800
6867 7796
6866 7793
6865 7789
6864 7786
6863 7783
6862 7779
6861 7776
6860 7772
6859 7769
6858 7766
6857 7762
6856 7759
6855 7755
6854 7752
6853 7749
6852 7745
6851 7742
6850 7738
6849 7735
6848 7732
6847 7728
6846 7725
6845 7722
6844 7718
6843 7715
6842 7711
6841 7708
6840 7705
6839 7701
6838 7698
6837 7695
6836 7691
6835 7688
6834 7684
6833 7681
6832 7678
6831 7674
6830 7671
6829 7668
6828 7664
6827 7661
6826 7657
6825 7654
6824 7651
6823 7647
6822 7644
6821 7641
6820 7637
6819 7634
6818 7631
6817 7627
6816 7624
6815 7620
6814 7617
6813 7614
6812 7610
6811 7607
6810 7604
6809 7600
6808 7597
6807 7594
6806 7590
6805 7587
6804 7584
6803 7580
6802 7577
6801 7574
6800 7570
6799 7567
6798 7564
6797 7560
6796 7557
6795 7554
6794 7550
6793 7547
6792 7544
6791 7540
6790 7537
6789 7534
6788 7530
6787 7527
6786 7524
6785 7520
6784 7517
6783 7514
6782 7510
6781 7507
6780 7504
6779 7500
6778 7497
6777 7494
6776 7490
6775 7487
6774 7484
6773 7480
6772 7477
6771 7474
6770 7470
6769 7467
6768 7464
6767 7460
6766 7457
6765 7454
6764 7451
6763 7447
6762 7444
6761 7441
6760 7437
6759 7434
6758 7431
6757 7427
6756 7424
6755 7421
6754 7418
6753 7414
6752 7411
6751 7408
6750 7404
6749 7401
6748 7398
6747 7395
6746 7391
6745 7388
6744 7385
6743 7381
6742 7378
6741 7375
6740 7372
6739 7368
6738 7365
6737 7362
6736 7358
6735 7355
6734 7352
6733 7349
6732 7345
6731 7342
6730 7339
6729 7335
6728 7332
6727 7329
6726 7326
6725 7322
6724 7319
6723 7316
6722 7313
6721 7309
6720 7306
6719 7303
6718 7300
6717 7296
6716 7293
6715 7290
6714 7287
6713 7283
6712 7280
6711 7277
6710 7273
6709 7270
6708 7267
6707 7264
6706 7260
6705 7257
6704 7254
6703 7251
6702 7247
6701 7244
6700 7241
6699 7238
6698 7235
6697 7231
6696 7228
6695 7225
6694 7222
6693 7218
6692 7215
6691 7212
6690 7209
6689 7205
6688 7202
6687 7199
6686 7196
6685 7192
6684 7189
6683 7186
6682 7183
6681 7180
6680 7176
6679 7173
6678 7170
6677 7167
6676 7163
6675 7160
6674 7157
6673 7154
6672 7151
6671 7147
6670 7144
6669 7141
6668 7138
6667 7134
6666 7131
6665 7128
6664 7125
6663 7122
6662 7118
6661 7115
6660 7112
6659 7109
6658 7106
6657 7102
6656 7099
6655 7096
6654 7093
6653 7090
6652 7086
6651 7083
6650 7080
6649 7077
6648 7074
6647 7070
6646 7067
6645 7064
6644 7061
6643 7058
6642 7055
6641 7051
6640 7048
6639 7045
6638 7042
6637 7039
6636 7035
6635 7032
6634 7029
6633 7026
6632 7023
6631 7020
6630 7016
6629 7013
6628 7010
6627 7007
6626 7004
6625 7000
6624 6997
6623 6994
6622 6991
6621 6988
6620 6985
6619 6981
6618 6978
6617 6975
6616 6972
6615 6969
6614 6966
6613 6962
6612 6959
6611 6956
6610 6953
6609 6950
6608 6947
6607 6944
6606 6940
6605 6937
6604 6934
6603 6931
6602 6928
6601 6925
6600 6921
6599 6918
6598 6915
6597 6912
6596 6909
6595 6906
6594 6903
6593 6899
6592 6896
6591 6893
6590 6890
6589 6887
6588 6884
6587 6881
6586 6878
6585 6874
6584 6871
6583 6868
6582 6865
6581 6862
6580 6859
6579 6856
6578 6852
6577 6849
6576 6846
6575 6843
6574 6840
6573 6837
6572 6834
6571 6831
6570 6827
6569 6824
6568 6821
6567 6818
6566 6815
6565 6812
6564 6809
6563 6806
6562 6803
6561 6799
6560 6796
6559 6793
6558 6790
6557 6787
6556 6784
6555 6781
6554 6778
6553 6775
6552 6772
6551 6768
6550 6765
6549 6762
6548 6759
6547 6756
6546 6753
6545 6750
6544 6747
6543 6744
6542 6741
6541 6737
6540 6734
6539 6731
6538 6728
6537 6725
6536 6722
6535 6719
6534 6716
6533 6713
6532 6710
6531 6707
6530 6703
6529 6700
6528 6697
6527 6694
6526 6691
6525 6688
6524 6685
6523 6682
6522 6679
6521 6676
6520 6673
6519 6670
6518 6667
6517 6664
6516 6660
6515 6657
6514 6654
6513 6651
6512 6648
6511 6645
6510 6642
6509 6639
6508 6636
6507 6633
6506 6630
6505 6627
6504 6624
6503 6621
6502 6618
6501 6615
6500 6611
6499 6608
6498 6605
6497 6602
6496 6599
6495 6596
6494 6593
6493 6590
6492 6587
6491 6584
6490 6581
6489 6578
6488 6575
6487 6572
6486 6569
6485 6566
6484 6563
6483 6560
6482 6557
6481 6554
6480 6551
6479 6548
6478 6545
6477 6542
6476 6539
6475 6535
6474 6532
6473 6529
6472 6526
6471 6523
6470 6520
6469 6517
6468 6514
6467 6511
6466 6508
6465 6505
6464 6502
6463 6499
6462 6496
6461 6493
6460 6490
6459 6487
6458 6484
6457 6481
6456 6478
6455 6475
6454 6472
6453 6469
6452 6466
6451 6463
6450 6460
6449 6457
6448 6454
6447 6451
6446 6448
6445 6445
6444 6442
6443 6439
6442 6436
6441 6433
6440 6430
6439 6427
6438 6424
6437 6421
6436 6418
6435 6415
6434 6412
6433 6409
6432 6406
6431 6403
6430 6400
6429 6397
6428 6394
6427 6391
6426 6388
6425 6385
6424 6382
6423 6379
6422 6376
6421 6373
6420 6370
6419 6367
6418 6364
6417 6361
6416 6358
6415 6355
6414 6352
6413 6349
6412 6346
6411 6344
6410 6341
6409 6338
6408 6335
6407 6332
6406 6329
6405 6326
6404 6323
6403 6320
6402 6317
6401 6314
6400 6311
6399 6308
6398 6305
6397 6302
6396 6299
6395 6296
6394 6293
6393 6290
6392 6287
6391 6284
6390 6281
6389 6278
6388 6275
6387 6273
6386 6270
6385 6267
6384 6264
6383 6261
6382 6258
6381 6255
6380 6252
6379 6249
6378 6246
6377 6243
6376 6240
6375 6237
6374 6234
6373 6231
6372 6228
6371 6225
6370 6223
6369 6220
6368 6217
6367 6214
6366 6211
6365 6208
6364 6205
6363 6202
6362 6199
6361 6196
6360 6193
6359 6190
6358 6187
6357 6185
6356 6182
6355 6179
6354 6176
6353 6173
6352 6170
6351 6167
6350 6164
6349 6161
6348 6158
6347 6155
6346 6152
6345 6150
6344 6147
6343 6144
6342 6141
6341 6138
6340 6135
6339 6132
6338 6129
6337 6126
6336 6123
6335 6120
6334 6118
6333 6115
6332 6112
6331 6109
6330 6106
6329 6103
6328 6100
6327 6097
6326 6094
6325 6092
6324 6089
6323 6086
6322 6083
6321 6080
6320 6077
6319 6074
6318 6071
6317 6068
6316 6066
6315 6063
6314 6060
6313 6057
6312 6054
6311 6051
6310 6048
6309 6045
6308 6043
6307 6040
6306 6037
6305 6034
6304 6031
6303 6028
6302 6025
6301 6022
6300 6020
6299 6017
6298 6014
6297 6011
6296 6008
6295 6005
6294 6002
6293 6000
6292 5997
6291 5994
6290 5991
6289 5988
6288 5985
6287 5982
6286 5980
6285 5977
6284 5974
6283 5971
6282 5968
6281 5965
6280 5962
6279 5960
6278 5957
6277 5954
6276 5951
6275 5948
6274 5945
6273 5942
6272 5940
6271 5937
6270 5934
6269 5931
6268 5928
6267 5925
6266 5923
6265 5920
6264 5917
6263 5914
6262 5911
6261 5908
6260 5906
6259 5903
6258 5900
6257 5897
6256 5894
6255 5891
6254 5889
6253 5886
6252 5883
6251 5880
6250 5877
6249 5875
6248 5872
6247 5869
6246 5866
6245 5863
6244 5860
6243 5858
6242 5855
6241 5852
6240 5849
6239 5846
6238 5844
6237 5841
6236 5838
6235 5835
6234 5832
6233 5829
6232 5827
6231 5824
6230 5821
6229 5818
6228 5815
6227 5813
6226 5810
6225 5807
6224 5804
6223 5801
6222 5799
6221 5796
6220 5793
6219 5790
6218 5787
6217 5785
6216 5782
6215 5779
6214 5776
6213 5774
6212 5771
6211 5768
6210 5765
6209 5762
6208 5760
6207 5757
6206 5754
6205 5751
6204 5748
6203 5746
6202 5743
6201 5740
6200 5737
6199 5735
6198 5732
6197 5729
6196 5726
6195 5723
6194 5721
6193 5718
6192 5715
6191 5712
6190 5710
6189 5707
6188 5704
6187 5701
6186 5699
6185 5696
6184 5693
6183 5690
6182 5687
6181 5685
6180 5682
6179 5679
6178 5676
6177 5674
6176 5671
6175 5668
6174 5665
6173 5663
6172 5660
6171 5657
6170 5654
6169 5652
6168 5649
6167 5646
6166 5643
6165 5641
6164 5638
6163 5635
6162 5632
6161 5630
6160 5627
6159 5624
6158 5621
6157 5619
6156 5616
6155 5613
6154 5611
6153 5608
6152 5605
6151 5602
6150 5600
6149 5597
6148 5594
6147 5591
6146 5589
6145 5586
6144 5583
6143 5580
6142 5578
6141 5575
6140 5572
6139 5570
6138 5567
6137 5564
6136 5561
6135 5559
6134 5556
6133 5553
6132 5551
6131 5548
6130 5545
6129 5542
6128 5540
6127 5537
6126 5534
6125 5532
6124 5529
6123 5526
6122 5523
6121 5521
6120 5518
6119 5515
6118 5513
6117 5510
6116 5507
6115 5504
6114 5502
6113 5499
6112 5496
6111 5494
6110 5491
6109 5488
6108 5486
6107 5483
6106 5480
6105 5478
6104 5475
6103 5472
6102 5469
6101 5467
6100 5464
6099 5461
6098 5459
6097 5456
6096 5453
6095 5451
6094 5448
6093 5445
6092 5443
6091 5440
6090 5437
6089 5435
6088 5432
6087 5429
6086 5427
6085 5424
6084 5421
6083 5418
6082 5416
6081 5413
6080 5410
6079 5408
6078 5405
6077 5402
6076 5400
6075 5397
6074 5394
6073 5392
6072 5389
6071 5386
6070 5384
6069 5381
6068 5378
6067 5376
6066 5373
6065 5371
6064 5368
6063 5365
6062 5363
6061 5360
6060 5357
6059 5355
6058 5352
6057 5349
6056 5347
6055 5344
6054 5341
6053 5339
6052 5336
6051 5333
6050 5331
6049 5328
6048 5325
6047 5323
6046 5320
6045 5318
6044 5315
6043 5312
6042 5310
6041 5307
6040 5304
6039 5302
6038 5299
6037 5296
6036 5294
6035 5291
6034 5289
6033 5286
6032 5283
6031 5281
6030 5278
6029 5275
6028 5273
6027 5270
6026 5268
6025 5265
6024 5262
6023 5260
6022 5257
6021 5254
6020 5252
6019 5249
6018 5247
6017 5244
6016 5241
6015 5239
6014 5236
6013 5233
6012 5231
6011 5228
6010 5226
6009 5223
6008 5220
6007 5218
6006 5215
6005 5213
6004 5210
6003 5207
6002 5205
6001 5202
6000 5200
5999 5197
5998 5194
5997 5192
5996 5189
5995 5187
5994 5184
5993 5181
5992 5179
5991 5176
5990 5174
5989 5171
5988 5168
5987 5166
5986 5163
5985 5161
5984 5158
5983 5156
5982 5153
5981 5150
5980 5148
5979 5145
5978 5143
5977 5140
5976 5137
5975 5135
5974 5132
5973 5130
5972 5127
5971 5125
5970 5122
5969 5119
5968 5117
5967 5114
5966 5112
5965 5109
5964 5107
5963 5104
5962 5101
5961 5099
5960 5096
5959 5094
5958 5091
5957 5089
5956 5086
5955 5083
5954 5081
5953 5078
5952 5076
5951 5073
5950 5071
5949 5068
5948 5066
5947 5063
5946 5060
5945 5058
5944 5055
5943 5053
5942 5050
5941 5048
5940 5045
5939 5043
5938 5040
5937 5037
5936 5035
5935 5032
5934 5030
5933 5027
5932 5025
5931 5022
5930 5020
5929 5017
5928 5015
5927 5012
5926 5010
5925 5007
5924 5004
5923 5002
5922 4999
5921 4997
5920 4994
5919 4992
5918 4989
5917 4987
5916 4984
5915 4982
5914 4979
5913 4977
5912 4974
5911 4972
5910 4969
5909 4967
5908 4964
5907 4961
5906 4959
5905 4956
5904 4954
5903 4951
5902 4949
5901 4946
5900 4944
5899 4941
5898 4939
5897 4936
5896 4934
5895 4931
5894 4929
5893 4926
5892 4924
5891 4921
5890 4919
5889 4916
5888 4914
5887 4911
5886 4909
5885 4906
5884 4904
5883 4901
5882 4899
5881 4896
5880 4894
5879 4891
5878 4889
5877 4886
5876 4884
5875 4881
5874 4879
5873 4876
5872 4874
5871 4871
5870 4869
5869 4866
5868 4864
5867 4861
5866 4859
5865 4856
5864 4854
5863 4851
5862 4849
5861 4846
5860 4844
5859 4841
5858 4839
5857 4836
5856 4834
5855 4832
5854 4829
5853 4827
5852 4824
5851 4822
5850 4819
5849 4817
5848 4814
5847 4812
5846 4809
5845 4807
5844 4804
5843 4802
5842 4799
5841 4797
5840 4794
5839 4792
5838 4790
5837 4787
5836 4785
5835 4782
5834 4780
5833 4777
5832 4775
5831 4772
5830 4770
5829 4767
5828 4765
5827 4763
5826 4760
5825 4758
5824 4755
5823 4753
5822 4750
5821 4748
5820 4745
5819 4743
5818 4740
5817 4738
5816 4736
5815 4733
5814 4731
5813 4728
5812 4726
5811 4723
5810 4721
5809 4718
5808 4716
5807 4714
5806 4711
5805 4709
5804 4706
5803 4704
5802 4701
5801 4699
5800 4697
5799 4694
5798 4692
5797 4689
5796 4687
5795 4684
5794 4682
5793 4680
5792 4677
5791 4675
5790 4672
5789 4670
5788 4667
5787 4665
5786 4663
5785 4660
5784 4658
5783 4655
5782 4653
5781 4651
5780 4648
5779 4646
5778 4643
5777 4641
5776 4638
5775 4636
5774 4634
5773 4631
5772 4629
5771 4626
5770 4624
5769 4622
5768 4619
5767 4617
5766 4614
5765 4612
5764 4610
5763 4607
5762 4605
5761 4602
5760 4600
5759 4598
5758 4595
5757 4593
5756 4590
5755 4588
5754 4586
5753 4583
5752 4581
5751 4578
5750 4576
5749 4574
5748 4571
5747 4569
5746 4567
5745 4564
5744 4562
5743 4559
5742 4557
5741 4555
5740 4552
5739 4550
5738 4548
5737 4545
5736 4543
5735 4540
5734 4538
5733 4536
5732 4533
5731 4531
5730 4529
5729 4526
5728 4524
5727 4521
5726 4519
5725 4517
5724 4514
5723 4512
5722 4510
5721 4507
5720 4505
5719 4502
5718 4500
5717 4498
5716 4495
5715 4493
5714 4491
5713 4488
5712 4486
5711 4484
5710 4481
5709 4479
5708 4477
5707 4474
5706 4472
5705 4469
5704 4467
5703 4465
5702 4462
5701 4460
5700 4458
5699 4455
5698 4453
5697 4451
5696 4448
5695 4446
5694 4444
5693 4441
5692 4439
5691 4437
5690 4434
5689 4432
5688 4430
5687 4427
5686 4425
5685 4423
5684 4420
5683 4418
5682 4416
5681 4413
5680 4411
5679 4409
5678 4406
5677 4404
5676 4402
5675 4399
5674 4397
5673 4395
5672 4392
5671 4390
5670 4388
5669 4385
5668 4383
5667 4381
5666 4378
5665 4376
5664 4374
5663 4371
5662 4369
5661 4367
5660 4364
5659 4362
5658 4360
5657 4358
5656 4355
5655 4353
5654 4351
5653 4348
5652 4346
5651 4344
5650 4341
5649 4339
5648 4337
5647 4334
5646 4332
5645 4330
5644 4328
5643 4325
5642 4323
5641 4321
5640 4318
5639 4316
5638 4314
5637 4311
5636 4309
5635 4307
5634 4305
5633 4302
5632 4300
5631 4298
5630 4295
5629 4293
5628 4291
5627 4289
5626 4286
5625 4284
5624 4282
5623 4279
5622 4277
5621 4275
5620 4273
5619 4270
5618 4268
5617 4266
5616 4263
5615 4261
5614 4259
5613 4257
5612 4254
5611 4252
5610 4250
5609 4248
5608 4245
5607 4243
5606 4241
5605 4238
5604 4236
5603 4234
5602 4232
5601 4229
5600 4227
5599 4225
5598 4223
5597 4220
5596 4218
5595 4216
5594 4214
5593 4211
5592 4209
5591 4207
5590 4204
5589 4202
5588 4200
5587 4198
5586 4195
5585 4193
5584 4191
5583 4189
5582 4186
5581 4184
5580 4182
5579 4180
5578 4177
5577 4175
5576 4173
5575 4171
5574 4168
5573 4166
5572 4164
5571 4162
5570 4159
5569 4157
5568 4155
5567 4153
5566 4151
5565 4148
5564 4146
5563 4144
5562 4142
5561 4139
5560 4137
5559 4135
5558 4133
5557 4130
5556 4128
5555 4126
5554 4124
5553 4121
5552 4119
5551 4117
5550 4115
5549 4113
5548 4110
5547 4108
5546 4106
5545 4104
5544 4101
5543 4099
5542 4097
5541 4095
5540 4093
5539 4090
5538 4088
5537 4086
5536 4084
5535 4082
5534 4079
5533 4077
5532 4075
5531 4073
5530 4070
5529 4068
5528 4066
5527 4064
5526 4062
5525 4059
5524 4057
5523 4055
5522 4053
5521 4051
5520 4048
5519 4046
5518 4044
5517 4042
5516 4040
5515 4037
5514 4035
5513 4033
5512 4031
5511 4029
5510 4026
5509 4024
5508 4022
5507 4020
5506 4018
5505 4015
5504 4013
5503 4011
5502 4009
5501 4007
5500 4005
5499 4002
5498 4000
5497 3998
5496 3996
5495 3994
5494 3991
5493 3989
5492 3987
5491 3985
5490 3983
5489 3981
5488 3978
5487 3976
5486 3974
5485 3972
5484 3970
5483 3968
5482 3965
5481 3963
5480 3961
5479 3959
5478 3957
5477 3954
5476 3952
5475 3950
5474 3948
5473 3946
5472 3944
5471 3942
5470 3939
5469 3937
5468 3935
5467 3933
5466 3931
5465 3929
5464 3926
5463 3924
5462 3922
5461 3920
5460 3918
5459 3916
5458 3913
5457 3911
5456 3909
5455 3907
5454 3905
5453 3903
5452 3901
5451 3898
5450 3896
5449 3894
5448 3892
5447 3890
5446 3888
5445 3886
5444 3883
5443 3881
5442 3879
5441 3877
5440 3875
5439 3873
5438 3871
5437 3868
5436 3866
5435 3864
5434 3862
5433 3860
5432 3858
5431 3856
5430 3854
5429 3851
5428 3849
5427 3847
5426 3845
5425 3843
5424 3841
5423 3839
5422 3836
5421 3834
5420 3832
5419 3830
5418 3828
5417 3826
5416 3824
5415 3822
5414 3820
5413 3817
5412 3815
5411 3813
5410 3811
5409 3809
5408 3807
5407 3805
5406 3803
5405 3801
5404 3798
5403 3796
5402 3794
5401 3792
5400 3790
5399 3788
5398 3786
5397 3784
5396 3782
5395 3779
5394 3777
5393 3775
5392 3773
5391 3771
5390 3769
5389 3767
5388 3765
5387 3763
5386 3761
5385 3758
5384 3756
5383 3754
5382 3752
5381 3750
5380 3748
5379 3746
5378 3744
5377 3742
5376 3740
5375 3738
5374 3735
5373 3733
5372 3731
5371 3729
5370 3727
5369 3725
5368 3723
5367 3721
5366 3719
5365 3717
5364 3715
5363 3713
5362 3710
5361 3708
5360 3706
5359 3704
5358 3702
5357 3700
5356 3698
5355 3696
5354 3694
5353 3692
5352 3690
5351 3688
5350 3686
5349 3684
5348 3681
5347 3679
5346 3677
5345 3675
5344 3673
5343 3671
5342 3669
5341 3667
5340 3665
5339 3663
5338 3661
5337 3659
5336 3657
5335 3655
5334 3653
5333 3651
5332 3649
5331 3646
5330 3644
5329 3642
5328 3640
5327 3638
5326 3636
5325 3634
5324 3632
5323 3630
5322 3628
5321 3626
5320 3624
5319 3622
5318 3620
5317 3618
5316 3616
5315 3614
5314 3612
5313 3610
5312 3608
5311 3606
5310 3604
5309 3601
5308 3599
5307 3597
5306 3595
5305 3593
5304 3591
5303 3589
5302 3587
5301 3585
5300 3583
5299 3581
5298 3579
5297 3577
5296 3575
5295 3573
5294 3571
5293 3569
5292 3567
5291 3565
5290 3563
5289 3561
5288 3559
5287 3557
5286 3555
5285 3553
5284 3551
5283 3549
5282 3547
5281 3545
5280 3543
5279 3541
5278 3539
5277 3537
5276 3535
5275 3533
5274 3531
5273 3529
5272 3527
5271 3525
5270 3523
5269 3521
5268 3519
5267 3517
5266 3515
5265 3513
5264 3511
5263 3509
5262 3507
5261 3505
5260 3503
5259 3501
5258 3499
5257 3497
5256 3495
5255 3493
5254 3491
5253 3489
5252 3487
5251 3485
5250 3483
5249 3481
5248 3479
5247 3477
5246 3475
5245 3473
5244 3471
5243 3469
5242 3467
5241 3465
5240 3463
5239 3461
5238 3459
5237 3457
5236 3455
5235 3453
5234 3451
5233 3449
5232 3447
5231 3445
5230 3443
5229 3441
5228 3439
5227 3437
5226 3435
5225 3433
5224 3431
5223 3429
5222 3427
5221 3425
5220 3423
5219 3421
5218 3419
5217 3417
5216 3415
5215 3413
5214 3411
5213 3410
5212 3408
5211 3406
5210 3404
5209 3402
5208 3400
5207 3398
5206 3396
5205 3394
5204 3392
5203 3390
5202 3388
5201 3386
5200 3384
5199 3382
5198 3380
5197 3378
5196 3376
5195 3374
5194 3372
5193 3370
5192 3368
5191 3367
5190 3365
5189 3363
5188 3361
5187 3359
5186 3357
5185 3355
5184 3353
5183 3351
5182 3349
5181 3347
5180 3345
5179 3343
5178 3341
5177 3339
5176 3337
5175 3335
5174 3334
5173 3332
5172 3330
5171 3328
5170 3326
5169 3324
5168 3322
5167 3320
5166 3318
5165 3316
5164 3314
5163 3312
5162 3310
5161 3308
5160 3307
5159 3305
5158 3303
5157 3301
5156 3299
5155 3297
5154 3295
5153 3293
5152 3291
5151 3289
5150 3287
5149 3285
5148 3283
5147 3282
5146 3280
5145 3278
5144 3276
5143 3274
5142 3272
5141 3270
5140 3268
5139 3266
5138 3264
5137 3262
5136 3261
5135 3259
5134 3257
5133 3255
5132 3253
5131 3251
5130 3249
5129 3247
5128 3245
5127 3243
5126 3242
5125 3240
5124 3238
5123 3236
5122 3234
5121 3232
5120 3230
5119 3228
5118 3226
5117 3225
5116 3223
5115 3221
5114 3219
5113 3217
5112 3215
5111 3213
5110 3211
5109 3209
5108 3208
5107 3206
5106 3204
5105 3202
5104 3200
5103 3198
5102 3196
5101 3194
5100 3192
5099 3191
5098 3189
5097 3187
5096 3185
5095 3183
5094 3181
5093 3179
5092 3177
5091 3176
5090 3174
5089 3172
5088 3170
5087 3168
5086 3166
5085 3164
5084 3162
5083 3161
5082 3159
5081 3157
5080 3155
5079 3153
5078 3151
5077 3149
5076 3148
5075 3146
5074 3144
5073 3142
5072 3140
5071 3138
5070 3136
5069 3135
5068 3133
5067 3131
5066 3129
5065 3127
5064 3125
5063 3123
5062 3122
5061 3120
5060 3118
5059 3116
5058 3114
5057 3112
5056 3110
5055 3109
5054 3107
5053 3105
5052 3103
5051 3101
5050 3099
5049 3098
5048 3096
5047 3094
5046 3092
5045 3090
5044 3088
5043 3087
5042 3085
5041 3083
5040 3081
5039 3079
5038 3077
5037 3076
5036 3074
5035 3072
5034 3070
5033 3068
5032 3066
5031 3065
5030 3063
5029 3061
5028 3059
5027 3057
5026 3055
5025 3054
5024 3052
5023 3050
5022 3048
5021 3046
5020 3044
5019 3043
5018 3041
5017 3039
5016 3037
5015 3035
5014 3034
5013 3032
5012 3030
5011 3028
5010 3026
5009 3025
5008 3023
5007 3021
5006 3019
5005 3017
5004 3015
5003 3014
5002 3012
5001 3010
5000 3008
4999 3006
4998 3005
4997 3003
4996 3001
4995 2999
4994 2997
4993 2996
4992 2994
4991 2992
4990 2990
4989 2988
4988 2987
4987 2985
4986 2983
4985 2981
4984 2979
4983 2978
4982 2976
4981 2974
4980 2972
4979 2970
4978 2969
4977 2967
4976 2965
4975 2963
4974 2962
4973 2960
4972 2958
4971 2956
4970 2954
4969 2953
4968 2951
4967 2949
4966 2947
4965 2945
4964 2944
4963 2942
4962 2940
4961 2938
4960 2937
4959 2935
4958 2933
4957 2931
4956 2929
4955 2928
4954 2926
4953 2924
4952 2922
4951 2921
4950 2919
4949 2917
4948 2915
4947 2914
4946 2912
4945 2910
4944 2908
4943 2906
4942 2905
4941 2903
4940 2901
4939 2899
4938 2898
4937 2896
4936 2894
4935 2892
4934 2891
4933 2889
4932 2887
4931 2885
4930 2884
4929 2882
4928 2880
4927 2878
4926 2877
4925 2875
4924 2873
4923 2871
4922 2870
4921 2868
4920 2866
4919 2864
4918 2863
4917 2861
4916 2859
4915 2857
4914 2856
4913 2854
4912 2852
4911 2850
4910 2849
4909 2847
4908 2845
4907 2843
4906 2842
4905 2840
4904 2838
4903 2836
4902 2835
4901 2833
4900 2831
4899 2829
4898 2828
4897 2826
4896 2824
4895 2823
4894 2821
4893 2819
4892 2817
4891 2816
4890 2814
4889 2812
4888 2810
4887 2809
4886 2807
4885 2805
4884 2804
4883 2802
4882 2800
4881 2798
4880 2797
4879 2795
4878 2793
4877 2792
4876 2790
4875 2788
4874 2786
4873 2785
4872 2783
4871 2781
4870 2780
4869 2778
4868 2776
4867 2774
4866 2773
4865 2771
4864 2769
4863 2768
4862 2766
4861 2764
4860 2762
4859 2761
4858 2759
4857 2757
4856 2756
4855 2754
4854 2752
4853 2750
4852 2749
4851 2747
4850 2745
4849 2744
4848 2742
4847 2740
4846 2739
4845 2737
4844 2735
4843 2734
4842 2732
4841 2730
4840 2728
4839 2727
4838 2725
4837 2723
4836 2722
4835 2720
4834 2718
4833 2717
4832 2715
4831 2713
4830 2712
4829 2710
4828 2708
4827 2706
4826 2705
4825 2703
4824 2701
4823 2700
4822 2698
4821 2696
4820 2695
4819 2693
4818 2691
4817 2690
4816 2688
4815 2686
4814 2685
4813 2683
4812 2681
4811 2680
4810 2678
4809 2676
4808 2675
4807 2673
4806 2671
4805 2670
4804 2668
4803 2666
4802 2665
4801 2663
4800 2661
4799 2660
4798 2658
4797 2656
4796 2655
4795 2653
4794 2651
4793 2650
4792 2648
4791 2646
4790 2645
4789 2643
4788 2641
4787 2640
4786 2638
4785 2636
4784 2635
4783 2633
4782 2631
4781 2630
4780 2628
4779 2626
4778 2625
4777 2623
4776 2622
4775 2620
4774 2618
4773 2617
4772 2615
4771 2613
4770 2612
4769 2610
4768 2608
4767 2607
4766 2605
4765 2603
4764 2602
4763 2600
4762 2599
4761 2597
4760 2595
4759 2594
4758 2592
4757 2590
4756 2589
4755 2587
4754 2585
4753 2584
4752 2582
4751 2581
4750 2579
4749 2577
4748 2576
4747 2574
4746 2572
4745 2571
4744 2569
4743 2568
4742 2566
4741 2564
4740 2563
4739 2561
4738 2559
4737 2558
4736 2556
4735 2555
4734 2553
4733 2551
4732 2550
4731 2548
4730 2546
4729 2545
4728 2543
4727 2542
4726 2540
4725 2538
4724 2537
4723 2535
4722 2534
4721 2532
4720 2530
4719 2529
4718 2527
4717 2526
4716 2524
4715 2522
4714 2521
4713 2519
4712 2518
4711 2516
4710 2514
4709 2513
4708 2511
4707 2509
4706 2508
4705 2506
4704 2505
4703 2503
4702 2501
4701 2500
4700 2498
4699 2497
4698 2495
4697 2494
4696 2492
4695 2490
4694 2489
4693 2487
4692 2486
4691 2484
4690 2482
4689 2481
4688 2479
4687 2478
4686 2476
4685 2474
4684 2473
4683 2471
4682 2470
4681 2468
4680 2467
4679 2465
4678 2463
4677 2462
4676 2460
4675 2459
4674 2457
4673 2455
4672 2454
4671 2452
4670 2451
4669 2449
4668 2448
4667 2446
4666 2444
4665 2443
4664 2441
4663 2440
4662 2438
4661 2437
4660 2435
4659 2433
4658 2432
4657 2430
4656 2429
4655 2427
4654 2426
4653 2424
4652 2422
4651 2421
4650 2419
4649 2418
4648 2416
4647 2415
4646 2413
4645 2412
4644 2410
4643 2408
4642 2407
4641 2405
4640 2404
4639 2402
4638 2401
4637 2399
4636 2398
4635 2396
4634 2394
4633 2393
4632 2391
4631 2390
4630 2388
4629 2387
4628 2385
4627 2384
4626 2382
4625 2381
4624 2379
4623 2377
4622 2376
4621 2374
4620 2373
4619 2371
4618 2370
4617 2368
4616 2367
4615 2365
4614 2364
4613 2362
4612 2361
4611 2359
4610 2357
4609 2356
4608 2354
4607 2353
4606 2351
4605 2350
4604 2348
4603 2347
4602 2345
4601 2344
4600 2342
4599 2341
4598 2339
4597 2338
4596 2336
4595 2334
4594 2333
4593 2331
4592 2330
4591 2328
4590 2327
4589 2325
4588 2324
4587 2322
4586 2321
4585 2319
4584 2318
4583 2316
4582 2315
4581 2313
4580 2312
4579 2310
4578 2309
4577 2307
4576 2306
4575 2304
4574 2303
4573 2301
4572 2300
4571 2298
4570 2297
4569 2295
4568 2294
4567 2292
4566 2291
4565 2289
4564 2288
4563 2286
4562 2285
4561 2283
4560 2282
4559 2280
4558 2279
4557 2277
4556 2276
4555 2274
4554 2273
4553 2271
4552 2270
4551 2268
4550 2267
4549 2265
4548 2264
4547 2262
4546 2261
4545 2259
4544 2258
4543 2256
4542 2255
4541 2253
4540 2252
4539 2250
4538 2249
4537 2247
4536 2246
4535 2244
4534 2243
4533 2241
4532 2240
4531 2238
4530 2237
4529 2235
4528 2234
4527 2232
4526 2231
4525 2229
4524 2228
4523 2226
4522 2225
4521 2223
4520 2222
4519 2220
4518 2219
4517 2218
4516 2216
4515 2215
4514 2213
4513 2212
4512 2210
4511 2209
4510 2207
4509 2206
4508 2204
4507 2203
4506 2201
4505 2200
4504 2198
4503 2197
4502 2195
4501 2194
4500 2193
4499 2191
4498 2190
4497 2188
4496 2187
4495 2185
4494 2184
4493 2182
4492 2181
4491 2179
4490 2178
4489 2177
4488 2175
4487 2174
4486 2172
4485 2171
4484 2169
4483 2168
4482 2166
4481 2165
4480 2163
4479 2162
4478 2161
4477 2159
4476 2158
4475 2156
4474 2155
4473 2153
4472 2152
4471 2150
4470 2149
4469 2148
4468 2146
4467 2145
4466 2143
4465 2142
4464 2140
4463 2139
4462 2137
4461 2136
4460 2135
4459 2133
4458 2132
4457 2130
4456 2129
4455 2127
4454 2126
4453 2125
4452 2123
4451 2122
4450 2120
4449 2119
4448 2117
4447 2116
4446 2115
4445 2113
4444 2112
4443 2110
4442 2109
4441 2107
4440 2106
4439 2105
4438 2103
4437 2102
4436 2100
4435 2099
4434 2097
4433 2096
4432 2095
4431 2093
4430 2092
4429 2090
4428 2089
4427 2088
4426 2086
4425 2085
4424 2083
4423 2082
4422 2080
4421 2079
4420 2078
4419 2076
4418 2075
4417 2073
4416 2072
4415 2071
4414 2069
4413 2068
4412 2066
4411 2065
4410 2064
4409 2062
4408 2061
4407 2059
4406 2058
4405 2057
4404 2055
4403 2054
4402 2052
4401 2051
4400 2050
4399 2048
4398 2047
4397 2045
4396 2044
4395 2043
4394 2041
4393 2040
4392 2038
4391 2037
4390 2036
4389 2034
4388 2033
4387 2031
4386 2030
4385 2029
4384 2027
4383 2026
4382 2024
4381 2023
4380 2022
4379 2020
4378 2019
4377 2018
4376 2016
4375 2015
4374 2013
4373 2012
4372 2011
4371 2009
4370 2008
4369 2006
4368 2005
4367 2004
4366 2002
4365 2001
4364 2000
4363 1998
4362 1997
4361 1995
4360 1994
4359 1993
4358 1991
4357 1990
4356 1989
4355 1987
4354 1986
4353 1985
4352 1983
4351 1982
4350 1980
4349 1979
4348 1978
4347 1976
4346 1975
4345 1974
4344 1972
4343 1971
4342 1969
4341 1968
4340 1967
4339 1965
4338 1964
4337 1963
4336 1961
4335 1960
4334 1959
4333 1957
4332 1956
4331 1955
4330 1953
4329 1952
4328 1950
4327 1949
4326 1948
4325 1946
4324 1945
4323 1944
4322 1942
4321 1941
4320 1940
4319 1938
4318 1937
4317 1936
4316 1934
4315 1933
4314 1932
4313 1930
4312 1929
4311 1928
4310 1926
4309 1925
4308 1924
4307 1922
4306 1921
4305 1920
4304 1918
4303 1917
4302 1916
4301 1914
4300 1913
4299 1912
4298 1910
4297 1909
4296 1908
4295 1906
4294 1905
4293 1904
4292 1902
4291 1901
4290 1900
4289 1898
4288 1897
4287 1896
4286 1894
4285 1893
4284 1892
4283 1890
4282 1889
4281 1888
4280 1886
4279 1885
4278 1884
4277 1882
4276 1881
4275 1880
4274 1878
4273 1877
4272 1876
4271 1874
4270 1873
4269 1872
4268 1870
4267 1869
4266 1868
4265 1866
4264 1865
4263 1864
4262 1863
4261 1861
4260 1860
4259 1859
4258 1857
4257 1856
4256 1855
4255 1853
4254 1852
4253 1851
4252 1849
4251 1848
4250 1847
4249 1846
4248 1844
4247 1843
4246 1842
4245 1840
4244 1839
4243 1838
4242 1836
4241 1835
4240 1834
4239 1833
4238 1831
4237 1830
4236 1829
4235 1827
4234 1826
4233 1825
4232 1823
4231 1822
4230 1821
4229 1820
4228 1818
4227 1817
4226 1816
4225 1814
4224 1813
4223 1812
4222 1811
4221 1809
4220 1808
4219 1807
4218 1805
4217 1804
4216 1803
4215 1802
4214 1800
4213 1799
4212 1798
4211 1796
4210 1795
4209 1794
4208 1793
4207 1791
4206 1790
4205 1789
4204 1787
4203 1786
4202 1785
4201 1784
4200 1782
4199 1781
4198 1780
4197 1779
4196 1777
4195 1776
4194 1775
4193 1773
4192 1772
4191 1771
4190 1770
4189 1768
4188 1767
4187 1766
4186 1765
4185 1763
4184 1762
4183 1761
4182 1760
4181 1758
4180 1757
4179 1756
4178 1754
4177 1753
4176 1752
4175 1751
4174 1749
4173 1748
4172 1747
4171 1746
4170 1744
4169 1743
4168 1742
4167 1741
4166 1739
4165 1738
4164 1737
4163 1736
4162 1734
4161 1733
4160 1732
4159 1731
4158 1729
4157 1728
4156 1727
4155 1726
4154 1724
4153 1723
4152 1722
4151 1721
4150 1719
4149 1718
4148 1717
4147 1716
4146 1714
4145 1713
4144 1712
4143 1711
4142 1709
4141 1708
4140 1707
4139 1706
4138 1705
4137 1703
4136 1702
4135 1701
4134 1700
4133 1698
4132 1697
4131 1696
4130 1695
4129 1693
4128 1692
4127 1691
4126 1690
4125 1689
4124 1687
4123 1686
4122 1685
4121 1684
4120 1682
4119 1681
4118 1680
4117 1679
4116 1677
4115 1676
4114 1675
4113 1674
4112 1673
4111 1671
4110 1670
4109 1669
4108 1668
4107 1666
4106 1665
4105 1664
4104 1663
4103 1662
4102 1660
4101 1659
4100 1658
4099 1657
4098 1656
4097 1654
4096 1653
4095 1652
4094 1651
4093 1649
4092 1648
4091 1647
4090 1646
4089 1645
4088 1643
4087 1642
4086 1641
4085 1640
4084 1639
4083 1637
4082 1636
4081 1635
4080 1634
4079 1633
4078 1631
4077 1630
4076 1629
4075 1628
4074 1627
4073 1625
4072 1624
4071 1623
4070 1622
4069 1621
4068 1619
4067 1618
4066 1617
4065 1616
4064 1615
4063 1613
4062 1612
4061 1611
4060 1610
4059 1609
4058 1608
4057 1606
4056 1605
4055 1604
4054 1603
4053 1602
4052 1600
4051 1599
4050 1598
4049 1597
4048 1596
4047 1594
4046 1593
4045 1592
4044 1591
4043 1590
4042 1589
4041 1587
4040 1586
4039 1585
4038 1584
4037 1583
4036 1581
4035 1580
4034 1579
4033 1578
4032 1577
4031 1576
4030 1574
4029 1573
4028 1572
4027 1571
4026 1570
4025 1569
4024 1567
4023 1566
4022 1565
4021 1564
4020 1563
4019 1562
4018 1560
4017 1559
4016 1558
4015 1557
4014 1556
4013 1555
4012 1553
4011 1552
4010 1551
4009 1550
4008 1549
4007 1548
4006 1546
4005 1545
4004 1544
4003 1543
4002 1542
4001 1541
4000 1540
3999 1538
3998 1537
3997 1536
3996 1535
3995 1534
3994 1533
3993 1531
3992 1530
3991 1529
3990 1528
3989 1527
3988 1526
3987 1525
3986 1523
3985 1522
3984 1521
3983 1520
3982 1519
3981 1518
3980 1517
3979 1515
3978 1514
3977 1513
3976 1512
3975 1511
3974 1510
3973 1509
3972 1507
3971 1506
3970 1505
3969 1504
3968 1503
3967 1502
3966 1501
3965 1499
3964 1498
3963 1497
3962 1496
3961 1495
3960 1494
3959 1493
3958 1491
3957 1490
3956 1489
3955 1488
3954 1487
3953 1486
3952 1485
3951 1484
3950 1482
3949 1481
3948 1480
3947 1479
3946 1478
3945 1477
3944 1476
3943 1475
3942 1473
3941 1472
3940 1471
3939 1470
3938 1469
3937 1468
3936 1467
3935 1466
3934 1464
3933 1463
3932 1462
3931 1461
3930 1460
3929 1459
3928 1458
3927 1457
3926 1456
3925 1454
3924 1453
3923 1452
3922 1451
3921 1450
3920 1449
3919 1448
3918 1447
3917 1446
3916 1444
3915 1443
3914 1442
3913 1441
3912 1440
3911 1439
3910 1438
3909 1437
3908 1436
3907 1435
3906 1433
3905 1432
3904 1431
3903 1430
3902 1429
3901 1428
3900 1427
3899 1426
3898 1425
3897 1424
3896 1422
3895 1421
3894 1420
3893 1419
3892 1418
3891 1417
3890 1416
3889 1415
3888 1414
3887 1413
3886 1411
3885 1410
3884 1409
3883 1408
3882 1407
3881 1406
3880 1405
3879 1404
3878 1403
3877 1402
3876 1401
3875 1400
3874 1398
3873 1397
3872 1396
3871 1395
3870 1394
3869 1393
3868 1392
3867 1391
3866 1390
3865 1389
3864 1388
3863 1387
3862 1385
3861 1384
3860 1383
3859 1382
3858 1381
3857 1380
3856 1379
3855 1378
3854 1377
3853 1376
3852 1375
3851 1374
3850 1373
3849 1372
3848 1370
3847 1369
3846 1368
3845 1367
3844 1366
3843 1365
3842 1364
3841 1363
3840 1362
3839 1361
3838 1360
3837 1359
3836 1358
3835 1357
3834 1356
3833 1354
3832 1353
3831 1352
3830 1351
3829 1350
3828 1349
3827 1348
3826 1347
3825 1346
3824 1345
3823 1344
3822 1343
3821 1342
3820 1341
3819 1340
3818 1339
3817 1338
3816 1337
3815 1335
3814 1334
3813 1333
3812 1332
3811 1331
3810 1330
3809 1329
3808 1328
3807 1327
3806 1326
3805 1325
3804 1324
3803 1323
3802 1322
3801 1321
3800 1320
3799 1319
3798 1318
3797 1317
3796 1316
3795 1315
3794 1314
3793 1312
3792 1311
3791 1310
3790 1309
3789 1308
3788 1307
3787 1306
3786 1305
3785 1304
3784 1303
3783 1302
3782 1301
3781 1300
3780 1299
3779 1298
3778 1297
3777 1296
3776 1295
3775 1294
3774 1293
3773 1292
3772 1291
3771 1290
3770 1289
3769 1288
3768 1287
3767 1286
3766 1285
3765 1284
3764 1283
3763 1282
3762 1281
3761 1280
3760 1278
3759 1277
3758 1276
3757 1275
3756 1274
3755 1273
3754 1272
3753 1271
3752 1270
3751 1269
3750 1268
3749 1267
3748 1266
3747 1265
3746 1264
3745 1263
3744 1262
3743 1261
3742 1260
3741 1259
3740 1258
3739 1257
3738 1256
3737 1255
3736 1254
3735 1253
3734 1252
3733 1251
3732 1250
3731 1249
3730 1248
3729 1247
3728 1246
3727 1245
3726 1244
3725 1243
3724 1242
3723 1241
3722 1240
3721 1239
3720 1238
3719 1237
3718 1236
3717 1235
3716 1234
3715 1233
3714 1232
3713 1231
3712 1230
3711 1229
3710 1228
3709 1227
3708 1226
3707 1225
3706 1224
3705 1223
3704 1222
3703 1221
3702 1220
3701 1219
3700 1218
3699 1217
3698 1216
3697 1215
3696 1214
3695 1213
3694 1212
3693 1211
3692 1210
3691 1209
3690 1208
3689 1207
3688 1206
3687 1205
3686 1204
3685 1203
3684 1202
3683 1201
3682 1200
3681 1200
3680 1199
3679 1198
3678 1197
3677 1196
3676 1195
3675 1194
3674 1193
3673 1192
3672 1191
3671 1190
3670 1189
3669 1188
3668 1187
3667 1186
3666 1185
3665 1184
3664 1183
3663 1182
3662 1181
3661 1180
3660 1179
3659 1178
3658 1177
3657 1176
3656 1175
3655 1174
3654 1173
3653 1172
3652 1171
3651 1170
3650 1169
3649 1168
3648 1168
3647 1167
3646 1166
3645 1165
3644 1164
3643 1163
3642 1162
3641 1161
3640 1160
3639 1159
3638 1158
3637 1157
3636 1156
3635 1155
3634 1154
3633 1153
3632 1152
3631 1151
3630 1150
3629 1149
3628 1148
3627 1147
3626 1146
3625 1146
3624 1145
3623 1144
3622 1143
3621 1142
3620 1141
3619 1140
3618 1139
3617 1138
3616 1137
3615 1136
3614 1135
3613 1134
3612 1133
3611 1132
3610 1131
3609 1130
3608 1129
3607 1129
3606 1128
3605 1127
3604 1126
3603 1125
3602 1124
3601 1123
3600 1122
3599 1121
3598 1120
3597 1119
3596 1118
3595 1117
3594 1116
3593 1115
3592 1115
3591 1114
3590 1113
3589 1112
3588 1111
3587 1110
3586 1109
3585 1108
3584 1107
3583 1106
3582 1105
3581 1104
3580 1103
3579 1102
3578 1102
3577 1101
3576 1100
3575 1099
3574 1098
3573 1097
3572 1096
3571 1095
3570 1094
3569 1093
3568 1092
3567 1091
3566 1090
3565 1090
3564 1089
3563 1088
3562 1087
3561 1086
3560 1085
3559 1084
3558 1083
3557 1082
3556 1081
3555 1080
3554 1079
3553 1079
3552 1078
3551 1077
3550 1076
3549 1075
3548 1074
3547 1073
3546 1072
3545 1071
3544 1070
3543 1069
3542 1069
3541 1068
3540 1067
3539 1066
3538 1065
3537 1064
3536 1063
3535 1062
3534 1061
3533 1060
3532 1060
3531 1059
3530 1058
3529 1057
3528 1056
3527 1055
3526 1054
3525 1053
3524 1052
3523 1051
3522 1051
3521 1050
3520 1049
3519 1048
3518 1047
3517 1046
3516 1045
3515 1044
3514 1043
3513 1043
3512 1042
3511 1041
3510 1040
3509 1039
3508 1038
3507 1037
3506 1036
3505 1035
3504 1035
3503 1034
3502 1033
3501 1032
3500 1031
3499 1030
3498 1029
3497 1028
3496 1027
3495 1027
3494 1026
3493 1025
3492 1024
3491 1023
3490 1022
3489 1021
3488 1020
3487 1020
3486 1019
3485 1018
3484 1017
3483 1016
3482 1015
3481 1014
3480 1013
3479 1012
3478 1012
3477 1011
3476 1010
3475 1009
3474 1008
3473 1007
3472 1006
3471 1006
3470 1005
3469 1004
3468 1003
3467 1002
3466 1001
3465 1000
3464 999
3463 999
3462 998
3461 997
3460 996
3459 995
3458 994
3457 993
3456 993
3455 992
3454 991
3453 990
3452 989
3451 988
3450 987
3449 987
3448 986
3447 985
3446 984
3445 983
3444 982
3443 981
3442 980
3441 980
3440 979
3439 978
3438 977
3437 976
3436 975
3435 975
3434 974
3433 973
3432 972
3431 971
3430 970
3429 969
3428 969
3427 968
3426 967
3425 966
3424 965
3423 964
3422 963
3421 963
3420 962
3419 961
3418 960
3417 959
3416 958
3415 958
3414 957
3413 956
3412 955
3411 954
3410 953
3409 953
3408 952
3407 951
3406 950
3405 949
3404 948
3403 948
3402 947
3401 946
3400 945
3399 944
3398 943
3397 943
3396 942
3395 941
3394 940
3393 939
3392 938
3391 938
3390 937
3389 936
3388 935
3387 934
3386 933
3385 933
3384 932
3383 931
3382 930
3381 929
3380 928
3379 928
3378 927
3377 926
3376 925
3375 924
3374 923
3373 923
3372 922
3371 921
3370 920
3369 919
3368 919
3367 918
3366 917
3365 916
3364 915
3363 914
3362 914
3361 913
3360 912
3359 911
3358 910
3357 910
3356 909
3355 908
3354 907
3353 906
3352 905
3351 905
3350 904
3349 903
3348 902
3347 901
3346 901
3345 900
3344 899
3343 898
3342 897
3341 897
3340 896
3339 895
3338 894
3337 893
3336 893
3335 892
3334 891
3333 890
3332 889
3331 889
3330 888
3329 887
3328 886
3327 885
3326 885
3325 884
3324 883
3323 882
3322 881
3321 881
3320 880
3319 879
3318 878
3317 877
3316 877
3315 876
3314 875
3313 874
3312 873
3311 873
3310 872
3309 871
3308 870
3307 869
3306 869
3305 868
3304 867
3303 866
3302 866
3301 865
3300 864
3299 863
3298 862
3297 862
3296 861
3295 860
3294 859
3293 858
3292 858
3291 857
3290 856
3289 855
3288 855
3287 854
3286 853
3285 852
3284 851
3283 851
3282 850
3281 849
3280 848
3279 848
3278 847
3277 846
3276 845
3275 844
3274 844
3273 843
3272 842
3271 841
3270 841
3269 840
3268 839
3267 838
3266 837
3265 837
3264 836
3263 835
3262 834
3261 834
3260 833
3259 832
3258 831
3257 831
3256 830
3255 829
3254 828
3253 828
3252 827
3251 826
3250 825
3249 824
3248 824
3247 823
3246 822
3245 821
3244 821
3243 820
3242 819
3241 818
3240 818
3239 817
3238 816
3237 815
3236 815
3235 814
3234 813
3233 812
3232 812
3231 811
3230 810
3229 809
3228 809
3227 808
3226 807
3225 806
3224 806
3223 805
3222 804
3221 803
3220 803
3219 802
3218 801
3217 800
3216 800
3215 799
3214 798
3213 797
3212 797
3211 796
3210 795
3209 794
3208 794
3207 793
3206 792
3205 791
3204 791
3203 790
3202 789
3201 788
3200 788
3199 787
3198 786
3197 785
3196 785
3195 784
3194 783
3193 783
3192 782
3191 781
3190 780
3189 780
3188 779
3187 778
3186 777
3185 777
3184 776
3183 775
3182 774
3181 774
3180 773
3179 772
3178 772
3177 771
3176 770
3175 769
3174 769
3173 768
3172 767
3171 766
3170 766
3169 765
3168 764
3167 764
3166 763
3165 762
3164 761
3163 761
3162 760
3161 759
3160 758
3159 758
3158 757
3157 756
3156 756
3155 755
3154 754
3153 753
3152 753
3151 752
3150 751
3149 751
3148 750
3147 749
3146 748
3145 748
3144 747
3143 746
3142 746
3141 745
3140 744
3139 743
3138 743
3137 742
3136 741
3135 741
3134 740
3133 739
3132 738
3131 738
3130 737
3129 736
3128 736
3127 735
3126 734
3125 734
3124 733
3123 732
3122 731
3121 731
3120 730
3119 729
3118 729
3117 728
3116 727
3115 726
3114 726
3113 725
3112 724
3111 724
3110 723
3109 722
3108 722
3107 721
3106 720
3105 720
3104 719
3103 718
3102 717
3101 717
3100 716
3099 715
3098 715
3097 714
3096 713
3095 713
3094 712
3093 711
3092 710
3091 710
3090 709
3089 708
3088 708
3087 707
3086 706
3085 706
3084 705
3083 704
3082 704
3081 703
3080 702
3079 702
3078 701
3077 700
3076 700
3075 699
3074 698
3073 697
3072 697
3071 696
3070 695
3069 695
3068 694
3067 693
3066 693
3065 692
3064 691
3063 691
3062 690
3061 689
3060 689
3059 688
3058 687
3057 687
3056 686
3055 685
3054 685
3053 684
3052 683
3051 683
3050 682
3049 681
3048 681
3047 680
3046 679
3045 679
3044 678
3043 677
3042 677
3041 676
3040 675
3039 675
3038 674
3037 673
3036 673
3035 672
3034 671
3033 671
3032 670
3031 669
3030 669
3029 668
3028 667
3027 667
3026 666
3025 665
3024 665
3023 664
3022 663
3021 663
3020 662
3019 661
3018 661
3017 660
3016 659
3015 659
3014 658
3013 657
3012 657
3011 656
3010 655
3009 655
3008 654
3007 653
3006 653
3005 652
3004 651
3003 651
3002 650
3001 650
3000 649
2999 648
2998 648
2997 647
2996 646
2995 646
2994 645
2993 644
2992 644
2991 643
2990 642
2989 642
2988 641
2987 640
2986 640
2985 639
2984 639
2983 638
2982 637
2981 637
2980 636
2979 635
2978 635
2977 634
2976 633
2975 633
2974 632
2973 631
2972 631
2971 630
2970 630
2969 629
2968 628
2967 628
2966 627
2965 626
2964 626
2963 625
2962 624
2961 624
2960 623
2959 623
2958 622
2957 621
2956 621
2955 620
2954 619
2953 619
2952 618
2951 618
2950 617
2949 616
2948 616
2947 615
2946 614
2945 614
2944 613
2943 613
2942 612
2941 611
2940 611
2939 610
2938 609
2937 609
2936 608
2935 608
2934 607
2933 606
2932 606
2931 605
2930 604
2929 604
2928 603
2927 603
2926 602
2925 601
2924 601
2923 600
2922 599
2921 599
2920 598
2919 598
2918 597
2917 596
2916 596
2915 595
2914 595
2913 594
2912 593
2911 593
2910 592
2909 592
2908 591
2907 590
2906 590
2905 589
2904 588
2903 588
2902 587
2901 587
2900 586
2899 585
2898 585
2897 584
2896 584
2895 583
2894 582
2893 582
2892 581
2891 581
2890 580
2889 579
2888 579
2887 578
2886 578
2885 577
2884 576
2883 576
2882 575
2881 575
2880 574
2879 573
2878 573
2877 572
2876 572
2875 571
2874 570
2873 570
2872 569
2871 569
2870 568
2869 567
2868 567
2867 566
2866 566
2865 565
2864 564
2863 564
2862 563
2861 563
2860 562
2859 561
2858 561
2857 560
2856 560
2855 559
2854 559
2853 558
2852 557
2851 557
2850 556
2849 556
2848 555
2847 554
2846 554
2845 553
2844 553
2843 552
2842 552
2841 551
2840 550
2839 550
2838 549
2837 549
2836 548
2835 547
2834 547
2833 546
2832 546
2831 545
2830 545
2829 544
2828 543
2827 543
2826 542
2825 542
2824 541
2823 541
2822 540
2821 539
2820 539
2819 538
2818 538
2817 537
2816 536
2815 536
2814 535
2813 535
2812 534
2811 534
2810 533
2809 532
2808 532
2807 531
2806 531
2805 530
2804 530
2803 529
2802 529
2801 528
2800 527
2799 527
2798 526
2797 526
2796 525
2795 525
2794 524
2793 523
2792 523
2791 522
2790 522
2789 521
2788 521
2787 520
2786 519
2785 519
2784 518
2783 518
2782 517
2781 517
2780 516
2779 516
2778 515
2777 514
2776 514
2775 513
2774 513
2773 512
2772 512
2771 511
2770 511
2769 510
2768 509
2767 509
2766 508
2765 508
2764 507
2763 507
2762 506
2761 506
2760 505
2759 505
2758 504
2757 503
2756 503
2755 502
2754 502
2753 501
2752 501
2751 500
2750 500
2749 499
2748 498
2747 498
2746 497
2745 497
2744 496
2743 496
2742 495
2741 495
2740 494
2739 494
2738 493
2737 493
2736 492
2735 491
2734 491
2733 490
2732 490
2731 489
2730 489
2729 488
2728 488
2727 487
2726 487
2725 486
2724 486
2723 485
2722 484
2721 484
2720 483
2719 483
2718 482
2717 482
2716 481
2715 481
2714 480
2713 480
2712 479
2711 479
2710 478
2709 478
2708 477
2707 476
2706 476
2705 475
2704 475
2703 474
2702 474
2701 473
2700 473
2699 472
2698 472
2697 471
2696 471
2695 470
2694 470
2693 469
2692 469
2691 468
2690 468
2689 467
2688 466
2687 466
2686 465
2685 465
2684 464
2683 464
2682 463
2681 463
2680 462
2679 462
2678 461
2677 461
2676 460
2675 460
2674 459
2673 459
2672 458
2671 458
2670 457
2669 457
2668 456
2667 456
2666 455
2665 455
2664 454
2663 454
2662 453
2661 453
2660 452
2659 452
2658 451
2657 451
2656 450
2655 449
2654 449
2653 448
2652 448
2651 447
2650 447
2649 446
2648 446
2647 445
2646 445
2645 444
2644 444
2643 443
2642 443
2641 442
2640 442
2639 441
2638 441
2637 440
2636 440
2635 439
2634 439
2633 438
2632 438
2631 437
2630 437
2629 436
2628 436
2627 435
2626 435
2625 434
2624 434
2623 433
2622 433
2621 432
2620 432
2619 431
2618 431
2617 430
2616 430
2615 429
2614 429
2613 428
2612 428
2611 427
2610 427
2609 426
2608 426
2607 426
2606 425
2605 425
2604 424
2603 424
2602 423
2601 423
2600 422
2599 422
2598 421
2597 421
2596 420
2595 420
2594 419
2593 419
2592 418
2591 418
2590 417
2589 417
2588 416
2587 416
2586 415
2585 415
2584 414
2583 414
2582 413
2581 413
2580 412
2579 412
2578 411
2577 411
2576 410
2575 410
2574 410
2573 409
2572 409
2571 408
2570 408
2569 407
2568 407
2567 406
2566 406
2565 405
2564 405
2563 404
2562 404
2561 403
2560 403
2559 402
2558 402
2557 401
2556 401
2555 401
2554 400
2553 400
2552 399
2551 399
2550 398
2549 398
2548 397
2547 397
2546 396
2545 396
2544 395
2543 395
2542 394
2541 394
2540 393
2539 393
2538 393
2537 392
2536 392
2535 391
2534 391
2533 390
2532 390
2531 389
2530 389
2529 388
2528 388
2527 387
2526 387
2525 387
2524 386
2523 386
2522 385
2521 385
2520 384
2519 384
2518 383
2517 383
2516 382
2515 382
2514 381
2513 381
2512 381
2511 380
2510 380
2509 379
2508 379
2507 378
2506 378
2505 377
2504 377
2503 376
2502 376
2501 376
2500 375
2499 375
2498 374
2497 374
2496 373
2495 373
2494 372
2493 372
2492 372
2491 371
2490 371
2489 370
2488 370
2487 369
2486 369
2485 368
2484 368
2483 368
2482 367
2481 367
2480 366
2479 366
2478 365
2477 365
2476 364
2475 364
2474 364
2473 363
2472 363
2471 362
2470 362
2469 361
2468 361
2467 360
2466 360
2465 360
2464 359
2463 359
2462 358
2461 358
2460 357
2459 357
2458 357
2457 356
2456 356
2455 355
2454 355
2453 354
2452 354
2451 353
2450 353
2449 353
2448 352
2447 352
2446 351
2445 351
2444 350
2443 350
2442 350
2441 349
2440 349
2439 348
2438 348
2437 347
2436 347
2435 347
2434 346
2433 346
2432 345
2431 345
2430 344
2429 344
2428 344
2427 343
2426 343
2425 342
2424 342
2423 341
2422 341
2421 341
2420 340
2419 340
2418 339
2417 339
2416 339
2415 338
2414 338
2413 337
2412 337
2411 336
2410 336
2409 336
2408 335
2407 335
2406 334
2405 334
2404 333
2403 333
2402 333
2401 332
2400 332
2399 331
2398 331
2397 331
2396 330
2395 330
2394 329
2393 329
2392 328
2391 328
2390 328
2389 327
2388 327
2387 326
2386 326
2385 326
2384 325
2383 325
2382 324
2381 324
2380 324
2379 323
2378 323
2377 322
2376 322
2375 322
2374 321
2373 321
2372 320
2371 320
2370 319
2369 319
2368 319
2367 318
2366 318
2365 317
2364 317
2363 317
2362 316
2361 316
2360 315
2359 315
2358 315
2357 314
2356 314
2355 313
2354 313
2353 313
2352 312
2351 312
2350 311
2349 311
2348 311
2347 310
2346 310
2345 309
2344 309
2343 309
2342 308
2341 308
2340 307
2339 307
2338 307
2337 306
2336 306
2335 306
2334 305
2333 305
2332 304
2331 304
2330 304
2329 303
2328 303
2327 302
2326 302
2325 302
2324 301
2323 301
2322 300
2321 300
2320 300
2319 299
2318 299
2317 298
2316 298
2315 298
2314 297
2313 297
2312 297
2311 296
2310 296
2309 295
2308 295
2307 295
2306 294
2305 294
2304 293
2303 293
2302 293
2301 292
2300 292
2299 292
2298 291
2297 291
2296 290
2295 290
2294 290
2293 289
2292 289
2291 289
2290 288
2289 288
2288 287
2287 287
2286 287
2285 286
2284 286
2283 286
2282 285
2281 285
2280 284
2279 284
2278 284
2277 283
2276 283
2275 283
2274 282
2273 282
2272 281
2271 281
2270 281
2269 280
2268 280
2267 280
2266 279
2265 279
2264 278
2263 278
2262 278
2261 277
2260 277
2259 277
2258 276
2257 276
2256 275
2255 275
2254 275
2253 274
2252 274
2251 274
2250 273
2249 273
2248 273
2247 272
2246 272
2245 271
2244 271
2243 271
2242 270
2241 270
2240 270
2239 269
2238 269
2237 269
2236 268
2235 268
2234 267
2233 267
2232 267
2231 266
2230 266
2229 266
2228 265
2227 265
2226 265
2225 264
2224 264
2223 264
2222 263
2221 263
2220 262
2219 262
2218 262
2217 261
2216 261
2215 261
2214 260
2213 260
2212 260
2211 259
2210 259
2209 259
2208 258
2207 258
2206 258
2205 257
2204 257
2203 256
2202 256
2201 256
2200 255
2199 255
2198 255
2197 254
2196 254
2195 254
2194 253
2193 253
2192 253
2191 252
2190 252
2189 252
2188 251
2187 251
2186 251
2185 250
2184 250
2183 250
2182 249
2181 249
2180 248
2179 248
2178 248
2177 247
2176 247
2175 247
2174 246
2173 246
2172 246
2171 245
2170 245
2169 245
2168 244
2167 244
2166 244
2165 243
2164 243
2163 243
2162 242
2161 242
2160 242
2159 241
2158 241
2157 241
2156 240
2155 240
2154 240
2153 239
2152 239
2151 239
2150 238
2149 238
2148 238
2147 237
2146 237
2145 237
2144 236
2143 236
2142 236
2141 235
2140 235
2139 235
2138 234
2137 234
2136 234
2135 233
2134 233
2133 233
2132 232
2131 232
2130 232
2129 231
2128 231
2127 231
2126 230
2125 230
2124 230
2123 229
2122 229
2121 229
2120 228
2119 228
2118 228
2117 227
2116 227
2115 227
2114 227
2113 226
2112 226
2111 226
2110 225
2109 225
2108 225
2107 224
2106 224
2105 224
2104 223
2103 223
2102 223
2101 222
2100 222
2099 222
2098 221
2097 221
2096 221
2095 220
2094 220
2093 220
2092 220
2091 219
2090 219
2089 219
2088 218
2087 218
2086 218
2085 217
2084 217
2083 217
2082 216
2081 216
2080 216
2079 215
2078 215
2077 215
2076 214
2075 214
2074 214
2073 214
2072 213
2071 213
2070 213
2069 212
2068 212
2067 212
2066 211
2065 211
2064 211
2063 210
2062 210
2061 210
2060 210
2059 209
2058 209
2057 209
2056 208
2055 208
2054 208
2053 207
2052 207
2051 207
2050 207
2049 206
2048 206
2047 206
2046 205
2045 205
2044 205
2043 204
2042 204
2041 204
2040 203
2039 203
2038 203
2037 203
2036 202
2035 202
2034 202
2033 201
2032 201
2031 201
2030 201
2029 200
2028 200
2027 200
2026 199
2025 199
2024 199
2023 198
2022 198
2021 198
2020 198
2019 197
2018 197
2017 197
2016 196
2015 196
2014 196
2013 195
2012 195
2011 195
2010 195
2009 194
2008 194
2007 194
2006 193
2005 193
2004 193
2003 193
2002 192
2001 192
2000 192
1999 191
1998 191
1997 191
1996 191
1995 190
1994 190
1993 190
1992 189
1991 189
1990 189
1989 189
1988 188
1987 188
1986 188
1985 187
1984 187
1983 187
1982 187
1981 186
1980 186
1979 186
1978 185
1977 185
1976 185
1975 185
1974 184
1973 184
1972 184
1971 183
1970 183
1969 183
1968 183
1967 182
1966 182
1965 182
1964 182
1963 181
1962 181
1961 181
1960 180
1959 180
1958 180
1957 180
1956 179
1955 179
1954 179
1953 178
1952 178
1951 178
1950 178
1949 177
1948 177
1947 177
1946 177
1945 176
1944 176
1943 176
1942 175
1941 175
1940 175
1939 175
1938 174
1937 174
1936 174
1935 174
1934 173
1933 173
1932 173
1931 172
1930 172
1929 172
1928 172
1927 171
1926 171
1925 171
1924 171
1923 170
1922 170
1921 170
1920 170
1919 169
1918 169
1917 169
1916 168
1915 168
1914 168
1913 168
1912 167
1911 167
1910 167
1909 167
1908 166
1907 166
1906 166
1905 166
1904 165
1903 165
1902 165
1901 165
1900 164
1899 164
1898 164
1897 163
1896 163
1895 163
1894 163
1893 162
1892 162
1891 162
1890 162
1889 161
1888 161
1887 161
1886 161
1885 160
1884 160
1883 160
1882 160
1881 159
1880 159
1879 159
1878 159
1877 158
1876 158
1875 158
1874 158
1873 157
1872 157
1871 157
1870 157
1869 156
1868 156
1867 156
1866 156
1865 155
1864 155
1863 155
1862 155
1861 154
1860 154
1859 154
1858 154
1857 153
1856 153
1855 153
1854 153
1853 152
1852 152
1851 152
1850 152
1849 151
1848 151
1847 151
1846 151
1845 150
1844 150
1843 150
1842 150
1841 149
1840 149
1839 149
1838 149
1837 148
1836 148
1835 148
1834 148
1833 147
1832 147
1831 147
1830 147
1829 146
1828 146
1827 146
1826 146
1825 146
1824 145
1823 145
1822 145
1821 145
1820 144
1819 144
1818 144
1817 144
1816 143
1815 143
1814 143
1813 143
1812 142
1811 142
1810 142
1809 142
1808 141
1807 141
1806 141
1805 141
1804 141
1803 140
1802 140
1801 140
1800 140
1799 139
1798 139
1797 139
1796 139
1795 138
1794 138
1793 138
1792 138
1791 137
1790 137
1789 137
1788 137
1787 137
1786 136
1785 136
1784 136
1783 136
1782 135
1781 135
1780 135
1779 135
1778 134
1777 134
1776 134
1775 134
1774 134
1773 133
1772 133
1771 133
1770 133
1769 132
1768 132
1767 132
1766 132
1765 132
1764 131
1763 131
1762 131
1761 131
1760 130
1759 130
1758 130
1757 130
1756 130
1755 129
1754 129
1753 129
1752 129
1751 128
1750 128
1749 128
1748 128
1747 128
1746 127
1745 127
1744 127
1743 127
1742 126
1741 126
1740 126
1739 126
1738 126
1737 125
1736 125
1735 125
1734 125
1733 124
1732 124
1731 124
1730 124
1729 124
1728 123
1727 123
1726 123
1725 123
1724 123
1723 122
1722 122
1721 122
1720 122
1719 121
1718 121
1717 121
1716 121
1715 121
1714 120
1713 120
1712 120
1711 120
1710 120
1709 119
1708 119
1707 119
1706 119
1705 119
1704 118
1703 118
1702 118
1701 118
1700 117
1699 117
1698 117
1697 117
1696 117
1695 116
1694 116
1693 116
1692 116
1691 116
1690 115
1689 115
1688 115
1687 115
1686 115
1685 114
1684 114
1683 114
1682 114
1681 114
1680 113
1679 113
1678 113
1677 113
1676 113
1675 112
1674 112
1673 112
1672 112
1671 112
1670 111
1669 111
1668 111
1667 111
1666 111
1665 110
1664 110
1663 110
1662 110
1661 110
1660 109
1659 109
1658 109
1657 109
1656 109
1655 108
1654 108
1653 108
1652 108
1651 108
1650 107
1649 107
1648 107
1647 107
1646 107
1645 106
1644 106
1643 106
1642 106
1641 106
1640 105
1639 105
1638 105
1637 105
1636 105
1635 104
1634 104
1633 104
1632 104
1631 104
1630 103
1629 103
1628 103
1627 103
1626 103
1625 103
1624 102
1623 102
1622 102
1621 102
1620 102
1619 101
1618 101
1617 101
1616 101
1615 101
1614 100
1613 100
1612 100
1611 100
1610 100
1609 100
1608 99
1607 99
1606 99
1605 99
1604 99
1603 98
1602 98
1601 98
1600 98
1599 98
1598 97
1597 97
1596 97
1595 97
1594 97
1593 97
1592 96
1591 96
1590 96
1589 96
1588 96
1587 95
1586 95
1585 95
1584 95
1583 95
1582 95
1581 94
1580 94
1579 94
1578 94
1577 94
1576 93
1575 93
1574 93
1573 93
1572 93
1571 93
1570 92
1569 92
1568 92
1567 92
1566 92
1565 92
1564 91
1563 91
1562 91
1561 91
1560 91
1559 90
1558 90
1557 90
1556 90
1555 90
1554 90
1553 89
1552 89
1551 89
1550 89
1549 89
1548 89
1547 88
1546 88
1545 88
1544 88
1543 88
1542 88
1541 87
1540 87
1539 87
1538 87
1537 87
1536 86
1535 86
1534 86
1533 86
1532 86
1531 86
1530 85
1529 85
1528 85
1527 85
1526 85
1525 85
1524 84
1523 84
1522 84
1521 84
1520 84
1519 84
1518 83
1517 83
1516 83
1515 83
1514 83
1513 83
1512 82
1511 82
1510 82
1509 82
1508 82
1507 82
1506 81
1505 81
1504 81
1503 81
1502 81
1501 81
1500 81
1499 80
1498 80
1497 80
1496 80
1495 80
1494 80
1493 79
1492 79
1491 79
1490 79
1489 79
1488 79
1487 78
1486 78
1485 78
1484 78
1483 78
1482 78
1481 77
1480 77
1479 77
1478 77
1477 77
1476 77
1475 77
1474 76
1473 76
1472 76
1471 76
1470 76
1469 76
1468 75
1467 75
1466 75
1465 75
1464 75
1463 75
1462 74
1461 74
1460 74
1459 74
1458 74
1457 74
1456 74
1455 73
1454 73
1453 73
1452 73
1451 73
1450 73
1449 73
1448 72
1447 72
1446 72
1445 72
1444 72
1443 72
1442 71
1441 71
1440 71
1439 71
1438 71
1437 71
1436 71
1435 70
1434 70
1433 70
1432 70
1431 70
1430 70
1429 70
1428 69
1427 69
1426 69
1425 69
1424 69
1423 69
1422 69
1421 68
1420 68
1419 68
1418 68
1417 68
1416 68
1415 67
1414 67
1413 67
1412 67
1411 67
1410 67
1409 67
1408 66
1407 66
1406 66
1405 66
1404 66
1403 66
1402 66
1401 65
1400 65
1399 65
1398 65
1397 65
1396 65
1395 65
1394 64
1393 64
1392 64
1391 64
1390 64
1389 64
1388 64
1387 64
1386 63
1385 63
1384 63
1383 63
1382 63
1381 63
1380 63
1379 62
1378 62
1377 62
1376 62
1375 62
1374 62
1373 62
1372 61
1371 61
1370 61
1369 61
1368 61
1367 61
1366 61
1365 61
1364 60
1363 60
1362 60
1361 60
1360 60
1359 60
1358 60
1357 59
1356 59
1355 59
1354 59
1353 59
1352 59
1351 59
1350 59
1349 58
1348 58
1347 58
1346 58
1345 58
1344 58
1343 58
1342 57
1341 57
1340 57
1339 57
1338 57
1337 57
1336 57
1335 57
1334 56
1333 56
1332 56
1331 56
1330 56
1329 56
1328 56
1327 56
1326 55
1325 55
1324 55
1323 55
1322 55
1321 55
1320 55
1319 55
1318 54
1317 54
1316 54
1315 54
1314 54
1313 54
1312 54
1311 54
1310 53
1309 53
1308 53
1307 53
1306 53
1305 53
1304 53
1303 53
1302 52
1301 52
1300 52
1299 52
1298 52
1297 52
1296 52
1295 52
1294 51
1293 51
1292 51
1291 51
1290 51
1289 51
1288 51
1287 51
1286 51
1285 50
1284 50
1283 50
1282 50
1281 50
1280 50
1279 50
1278 50
1277 49
1276 49
1275 49
1274 49
1273 49
1272 49
1271 49
1270 49
1269 49
1268 48
1267 48
1266 48
1265 48
1264 48
1263 48
1262 48
1261 48
1260 47
1259 47
1258 47
1257 47
1256 47
1255 47
1254 47
1253 47
1252 47
1251 46
1250 46
1249 46
1248 46
1247 46
1246 46
1245 46
1244 46
1243 46
1242 45
1241 45
1240 45
1239 45
1238 45
1237 45
1236 45
1235 45
1234 45
1233 44
1232 44
1231 44
1230 44
1229 44
1228 44
1227 44
1226 44
1225 44
1224 43
1223 43
1222 43
1221 43
1220 43
1219 43
1218 43
1217 43
1216 43
1215 43
1214 42
1213 42
1212 42
1211 42
1210 42
1209 42
1208 42
1207 42
1206 42
1205 41
1204 41
1203 41
1202 41
1201 41
1200 41
1199 41
1198 41
1197 41
1196 41
1195 40
1194 40
1193 40
1192 40
1191 40
1190 40
1189 40
1188 40
1187 40
1186 39
1185 39
1184 39
1183 39
1182 39
1181 39
1180 39
1179 39
1178 39
1177 39
1176 38
1175 38
1174 38
1173 38
1172 38
1171 38
1170 38
1169 38
1168 38
1167 38
1166 38
1165 37
1164 37
1163 37
1162 37
1161 37
1160 37
1159 37
1158 37
1157 37
1156 37
1155 36
1154 36
1153 36
1152 36
1151 36
1150 36
1149 36
1148 36
1147 36
1146 36
1145 35
1144 35
1143 35
1142 35
1141 35
1140 35
1139 35
1138 35
1137 35
1136 35
1135 35
1134 34
1133 34
1132 34
1131 34
1130 34
1129 34
1128 34
1127 34
1126 34
1125 34
1124 34
1123 33
1122 33
1121 33
1120 33
1119 33
1118 33
1117 33
1116 33
1115 33
1114 33
1113 33
1112 32
1111 32
1110 32
1109 32
1108 32
1107 32
1106 32
1105 32
1104 32
1103 32
1102 32
1101 31
1100 31
1099 31
1098 31
1097 31
1096 31
1095 31
1094 31
1093 31
1092 31
1091 31
1090 31
1089 30
1088 30
1087 30
1086 30
1085 30
1084 30
1083 30
1082 30
1081 30
1080 30
1079 30
1078 30
1077 29
1076 29
1075 29
1074 29
1073 29
1072 29
1071 29
1070 29
1069 29
1068 29
1067 29
1066 29
1065 28
1064 28
1063 28
1062 28
1061 28
1060 28
1059 28
1058 28
1057 28
1056 28
1055 28
1054 28
1053 27
1052 27
1051 27
1050 27
1049 27
1048 27
1047 27
1046 27
1045 27
1044 27
1043 27
1042 27
1041 27
1040 26
1039 26
1038 26
1037 26
1036 26
1035 26
1034 26
1033 26
1032 26
1031 26
1030 26
1029 26
1028 26
1027 25
1026 25
1025 25
1024 25
1023 25
1022 25
1021 25
1020 25
1019 25
1018 25
1017 25
1016 25
1015 25
1014 24
1013 24
1012 24
1011 24
1010 24
1009 24
1008 24
1007 24
1006 24
1005 24
1004 24
1003 24
1002 24
1001 24
1000 23
999 23
998 23
997 23
996 23
995 23
994 23
993 23
992 23
991 23
990 23
989 23
988 23
987 23
986 22
985 22
984 22
983 22
982 22
981 22
980 22
979 22
978 22
977 22
976 22
975 22
974 22
973 22
972 21
971 21
970 21
969 21
968 21
967 21
966 21
965 21
964 21
963 21
962 21
961 21
960 21
959 21
958 21
957 20
956 20
955 20
954 20
953 20
952 20
951 20
950 20
949 20
948 20
947 20
946 20
945 20
944 20
943 20
942 20
941 19
940 19
939 19
938 19
937 19
936 19
935 19
934 19
933 19
932 19
931 19
930 19
929 19
928 19
927 19
926 19
925 18
924 18
923 18
922 18
921 18
920 18
919 18
918 18
917 18
916 18
915 18
914 18
913 18
912 18
911 18
910 18
909 17
908 17
907 17
906 17
905 17
904 17
903 17
902 17
901 17
900 17
899 17
898 17
897 17
896 17
895 17
894 17
893 17
892 16
891 16
890 16
889 16
888 16
887 16
886 16
885 16
884 16
883 16
882 16
881 16
880 16
879 16
878 16
877 16
876 16
875 16
874 15
873 15
872 15
871 15
870 15
869 15
868 15
867 15
866 15
865 15
864 15
863 15
862 15
861 15
860 15
859 15
858 15
857 15
856 15
855 14
854 14
853 14
852 14
851 14
850 14
849 14
848 14
847 14
846 14
845 14
844 14
843 14
842 14
841 14
840 14
839 14
838 14
837 14
836 13
835 13
834 13
833 13
832 13
831 13
830 13
829 13
828 13
827 13
826 13
825 13
824 13
823 13
822 13
821 13
820 13
819 13
818 13
817 13
816 12
815 12
814 12
813 12
812 12
811 12
810 12
809 12
808 12
807 12
806 12
805 12
804 12
803 12
802 12
801 12
800 12
799 12
798 12
797 12
796 12
795 12
794 11
793 11
792 11
791 11
790 11
789 11
788 11
787 11
786 11
785 11
784 11
783 11
782 11
781 11
780 11
779 11
778 11
777 11
776 11
775 11
774 11
773 11
772 11
771 10
770 10
769 10
768 10
767 10
766 10
765 10
764 10
763 10
762 10
761 10
760 10
759 10
758 10
757 10
756 10
755 10
754 10
753 10
752 10
751 10
750 10
749 10
748 10
747 9
746 9
745 9
744 9
743 9
742 9
741 9
740 9
739 9
738 9
737 9
736 9
735 9
734 9
733 9
732 9
731 9
730 9
729 9
728 9
727 9
726 9
725 9
724 9
723 9
722 8
721 8
720 8
719 8
718 8
717 8
716 8
715 8
714 8
713 8
712 8
711 8
710 8
709 8
708 8
707 8
706 8
705 8
704 8
703 8
702 8
701 8
700 8
699 8
698 8
697 8
696 8
695 8
694 7
693 7
692 7
691 7
690 7
689 7
688 7
687 7
686 7
685 7
684 7
683 7
682 7
681 7
680 7
679 7
678 7
677 7
676 7
675 7
674 7
673 7
672 7
671 7
670 7
669 7
668 7
667 7
666 7
665 7
664 6
663 6
662 6
661 6
660 6
659 6
658 6
657 6
656 6
655 6
654 6
653 6
652 6
651 6
650 6
649 6
648 6
647 6
646 6
645 6
644 6
643 6
642 6
641 6
640 6
639 6
638 6
637 6
636 6
635 6
634 6
633 6
632 6
631 5
630 5
629 5
628 5
627 5
626 5
625 5
624 5
623 5
622 5
621 5
620 5
619 5
618 5
617 5
616 5
615 5
614 5
613 5
612 5
611 5
610 5
609 5
608 5
607 5
606 5
605 5
604 5
603 5
602 5
601 5
600 5
599 5
598 5
597 5
596 5
595 5
594 4
593 4
592 4
591 4
590 4
589 4
588 4
587 4
586 4
585 4
584 4
583 4
582 4
581 4
580 4
579 4
578 4
577 4
576 4
575 4
574 4
573 4
572 4
571 4
570 4
569 4
568 4
567 4
566 4
565 4
564 4
563 4
562 4
561 4
560 4
559 4
558 4
557 4
556 4
555 4
554 4
553 4
552 4
551 3
550 3
549 3
548 3
547 3
546 3
545 3
544 3
543 3
542 3
541 3
540 3
539 3
538 3
537 3
536 3
535 3
534 3
533 3
532 3
531 3
530 3
529 3
528 3
527 3
526 3
525 3
524 3
523 3
522 3
521 3
520 3
519 3
518 3
517 3
516 3
515 3
514 3
513 3
512 3
511 3
510 3
509 3
508 3
507 3
506 3
505 3
504 3
503 3
502 3
501 2
500 2
499 2
498 2
497 2
496 2
495 2
494 2
493 2
492 2
491 2
490 2
489 2
488 2
487 2
486 2
485 2
484 2
483 2
482 2
481 2
480 2
479 2
478 2
477 2
476 2
475 2
474 2
473 2
472 2
471 2
470 2
469 2
468 2
467 2
466 2
465 2
464 2
463 2
462 2
461 2
460 2
459 2
458 2
457 2
456 2
455 2
454 2
453 2
452 2
451 2
450 2
449 2
448 2
447 2
446 2
445 2
444 2
443 2
442 2
441 2
440 2
439 2
438 1
437 1
436 1
435 1
434 1
433 1
432 1
431 1
430 1
429 1
428 1
427 1
426 1
425 1
424 1
423 1
422 1
421 1
420 1
419 1
418 1
417 1
416 1
415 1
414 1
413 1
412 1
411 1
410 1
409 1
408 1
407 1
406 1
405 1
404 1
403 1
402 1
401 1
400 1
399 1
398 1
397 1
396 1
395 1
394 1
393 1
392 1
391 1
390 1
389 1
388 1
387 1
386 1
385 1
384 1
383 1
382 1
381 1
380 1
379 1
378 1
377 1
376 1
375 1
374 1
373 1
372 1
371 1
370 1
369 1
368 1
367 1
366 1
365 1
364 1
363 1
362 1
361 1
360 1
359 1
358 1
357 1
356 1
355 1
354 1
353 1
352 1
351 1
350 1
349 1
348 0
347 0
346 0
345 0
344 0
343 0
342 0
341 0
340 0
339 0
338 0
337 0
336 0
335 0
334 0
333 0
332 0
331 0
330 0
329 0
328 0
327 0
326 0
325 0
324 0
323 0
322 0
321 0
320 0
319 0
318 0
317 0
316 0
315 0
314 0
313 0
312 0
311 0
310 0
309 0
308 0
307 0
306 0
305 0
304 0
303 0
302 0
301 0
300 0
299 0
298 0
297 0
296 0
295 0
294 0
293 0
292 0
291 0
290 0
289 0
288 0
287 0
286 0
285 0
284 0
283 0
282 0
281 0
280 0
279 0
278 0
277 0
276 0
275 0
274 0
273 0
272 0
271 0
270 0
269 0
268 0
267 0
266 0
265 0
264 0
263 0
262 0
261 0
260 0
259 0
258 0
257 0
256 0
255 0
254 0
253 0
252 0
251 0
250 0
249 0
248 0
247 0
246 0
245 0
244 0
243 0
242 0
241 0
240 0
239 0
238 0
237 0
236 0
235 0
234 0
233 0
232 0
231 0
230 0
229 0
228 0
227 0
226 0
225 0
224 0
223 0
222 0
221 0
220 0
219 0
218 0
217 0
216 0
215 0
214 0
213 0
212 0
211 0
210 0
209 0
208 0
207 0
206 0
205 0
204 0
203 0
202 0
201 0
200 0
199 0
198 0
197 0
196 0
195 0
194 0
193 0
192 0
191 0
190 0
189 0
188 0
187 0
186 0
185 0
184 0
183 0
182 0
181 0
180 0
179 0
178 0
177 0
176 0
175 0
174 0
173 0
172 0
171 0
170 0
169 0
168 0
167 0
166 0
165 0
164 0
163 0
162 0
161 0
160 0
159 0
158 0
157 0
156 0
155 0
154 0
153 0
152 0
151 0
150 0
149 0
148 0
147 0
146 0
145 0
144 0
143 0
142 0
141 0
140 0
139 0
138 0
137 0
136 0
135 0
134 0
133 0
132 0
131 0
130 0
129 0
128 0
127 0
126 0
125 0
124 0
123 0
122 0
121 0
120 0
119 0
118 0
117 0
116 0
115 0
114 0
113 0
112 0
111 0
110 0
109 0
108 0
107 0
106 0
105 0
104 0
103 0
102 0
101 0
100 0
99 0
98 0
97 0
96 0
95 0
94 0
93 0
92 0
91 0
90 0
89 0
88 0
87 0
86 0
85 0
84 0
83 0
82 0
81 0
80 0
79 0
78 0
77 0
76 0
75 0
74 0
73 0
72 0
71 0
70 0
69 0
68 0
67 0
66 0
65 0
64 0
63 0
62 0
61 0
60 0
59 0
58 0
57 0
56 0
55 0
54 0
53 0
52 0
51 0
50 0
49 0
48 0
47 0
46 0
45 0
44 0
43 0
42 0
41 0
40 0
39 0
38 0
37 0
36 0
35 0
34 0
33 0
32 0
31 0
30 0
29 0
28 0
27 0
26 0
25 0
24 0
23 0
22 0
21 0
20 0
19 0
18 0
17 0
16 0
15 0
14 0
13 0
12 0
11 0
10 0
9 0
8 0
7 0
6 0
5 0
4 0
3 0
2 0
1 0
