9999 8203
9998 8201
9997 8199
9996 8196
9995 8194
9994 8191
9993 8189
9992 8186
9991 8184
9990 8181
9989 8179
9988 8176
9987 8174
9986 8171
9985 8169
9984 8167
9983 8164
9982 8162
9981 8159
9980 8157
9979 8154
9978 8152
9977 8149
9976 8147
9975 8145
9974 8142
9973 8140
9972 8137
9971 8135
9970 8132
9969 8130
9968 8127
9967 8125
9966 8122
9965 8120
9964 8118
9963 8115
9962 8113
9961 8110
9960 8108
9959 8105
9958 8103
9957 8100
9956 8098
9955 8096
9954 8093
9953 8091
9952 8088
9951 8086
9950 8083
9949 8081
9948 8079
9947 8076
9946 8074
9945 8071
9944 8069
9943 8066
9942 8064
9941 8061
9940 8059
9939 8057
9938 8054
9937 8052
9936 8049
9935 8047
9934 8044
9933 8042
9932 8040
9931 8037
9930 8035
9929 8032
9928 8030
9927 8027
9926 8025
9925 8023
9924 8020
9923 8018
9922 8015
9921 8013
9920 8011
9919 8008
9918 8006
9917 8003
9916 8001
9915 7998
9914 7996
9913 7994
9912 7991
9911 7989
9910 7986
9909 7984
9908 7981
9907 7979
9906 7977
9905 7974
9904 7972
9903 7969
9902 7967
9901 7965
9900 7962
9899 7960
9898 7957
9897 7955
9896 7952
9895 7950
9894 7948
9893 7945
9892 7943
9891 7940
9890 7938
9889 7936
9888 7933
9887 7931
9886 7928
9885 7926
9884 7924
9883 7921
9882 7919
9881 7916
9880 7914
9879 7912
9878 7909
9877 7907
9876 7904
9875 7902
9874 7900
9873 7897
9872 7895
9871 7892
9870 7890
9869 7888
9868 7885
9867 7883
9866 7880
9865 7878
9864 7876
9863 7873
9862 7871
9861 7868
9860 7866
9859 7864
9858 7861
9857 7859
9856 7856
9855 7854
9854 7852
9853 7849
9852 7847
9851 7844
9850 7842
9849 7840
9848 7837
9847 7835
9846 7833
9845 7830
9844 7828
9843 7825
9842 7823
9841 7821
9840 7818
9839 7816
9838 7813
9837 7811
9836 7809
9835 7806
9834 7804
9833 7802
9832 7799
9831 7797
9830 7794
9829 7792
9828 7790
9827 7787
9826 7785
9825 7782
9824 7780
9823 7778
9822 7775
9821 7773
9820 7771
9819 7768
9818 7766
9817 7763
9816 7761
9815 7759
9814 7756
9813 7754
9812 7752
9811 7749
9810 7747
9809 7745
9808 7742
9807 7740
9806 7737
9805 7735
9804 7733
9803 7730
9802 7728
9801 7726
9800 7723
9799 7721
9798 7718
9797 7716
9796 7714
9795 7711
9794 7709
9793 7707
9792 7704
9791 7702
9790 7700
9789 7697
9788 7695
9787 7693
9786 7690
9785 7688
9784 7685
9783 7683
9782 7681
9781 7678
9780 7676
9779 7674
9778 7671
9777 7669
9776 7667
9775 7664
9774 7662
9773 7660
9772 7657
9771 7655
9770 7652
9769 7650
9768 7648
9767 7645
9766 7643
9765 7641
9764 7638
9763 7636
9762 7634
9761 7631
9760 7629
9759 7627
9758 7624
9757 7622
9756 7620
9755 7617
9754 7615
9753 7613
9752 7610
9751 7608
9750 7606
9749 7603
9748 7601
9747 7599
9746 7596
9745 7594
9744 7592
9743 7589
9742 7587
9741 7585
9740 7582
9739 7580
9738 7578
9737 7575
9736 7573
9735 7571
9734 7568
9733 7566
9732 7564
9731 7561
9730 7559
9729 7557
9728 7554
9727 7552
9726 7550
9725 7547
9724 7545
9723 7543
9722 7540
9721 7538
9720 7536
9719 7533
9718 7531
9717 7529
9716 7526
9715 7524
9714 7522
9713 7519
9712 7517
9711 7515
9710 7512
9709 7510
9708 7508
9707 7505
9706 7503
9705 7501
9704 7498
9703 7496
9702 7494
9701 7491
9700 7489
9699 7487
9698 7485
9697 7482
9696 7480
9695 7478
9694 7475
9693 7473
9692 7471
9691 7468
9690 7466
9689 7464
9688 7461
9687 7459
9686 7457
9685 7454
9684 7452
9683 7450
9682 7448
9681 7445
9680 7443
9679 7441
9678 7438
9677 7436
9676 7434
9675 7431
9674 7429
9673 7427
9672 7424
9671 7422
9670 7420
9669 7418
9668 7415
9667 7413
9666 7411
9665 7408
9664 7406
9663 7404
9662 7401
9661 7399
9660 7397
9659 7395
9658 7392
9657 7390
9656 7388
9655 7385
9654 7383
9653 7381
9652 7378
9651 7376
9650 7374
9649 7372
9648 7369
9647 7367
9646 7365
9645 7362
9644 7360
9643 7358
9642 7356
9641 7353
9640 7351
9639 7349
9638 7346
9637 7344
9636 7342
9635 7340
9634 7337
9633 7335
9632 7333
9631 7330
9630 7328
9629 7326
9628 7324
9627 7321
9626 7319
9625 7317
9624 7314
9623 7312
9622 7310
9621 7308
9620 7305
9619 7303
9618 7301
9617 7298
9616 7296
9615 7294
9614 7292
9613 7289
9612 7287
9611 7285
9610 7283
9609 7280
9608 7278
9607 7276
9606 7273
9605 7271
9604 7269
9603 7267
9602 7264
9601 7262
9600 7260
9599 7258
9598 7255
9597 7253
9596 7251
9595 7248
9594 7246
9593 7244
9592 7242
9591 7239
9590 7237
9589 7235
9588 7233
9587 7230
9586 7228
9585 7226
9584 7224
9583 7221
9582 7219
9581 7217
9580 7215
9579 7212
9578 7210
9577 7208
9576 7206
9575 7203
9574 7201
9573 7199
9572 7196
9571 7194
9570 7192
9569 7190
9568 7187
9567 7185
9566 7183
9565 7181
9564 7178
9563 7176
9562 7174
9561 7172
9560 7169
9559 7167
9558 7165
9557 7163
9556 7160
9555 7158
9554 7156
9553 7154
9552 7151
9551 7149
9550 7147
9549 7145
9548 7142
9547 7140
9546 7138
9545 7136
9544 7133
9543 7131
9542 7129
9541 7127
9540 7125
9539 7122
9538 7120
9537 7118
9536 7116
9535 7113
9534 7111
9533 7109
9532 7107
9531 7104
9530 7102
9529 7100
9528 7098
9527 7095
9526 7093
9525 7091
9524 7089
9523 7086
9522 7084
9521 7082
9520 7080
9519 7078
9518 7075
9517 7073
9516 7071
9515 7069
9514 7066
9513 7064
9512 7062
9511 7060
9510 7058
9509 7055
9508 7053
9507 7051
9506 7049
9505 7046
9504 7044
9503 7042
9502 7040
9501 7037
9500 7035
9499 7033
9498 7031
9497 7029
9496 7026
9495 7024
9494 7022
9493 7020
9492 7017
9491 7015
9490 7013
9489 7011
9488 7009
9487 7006
9486 7004
9485 7002
9484 7000
9483 6998
9482 6995
9481 6993
9480 6991
9479 6989
9478 6986
9477 6984
9476 6982
9475 6980
9474 6978
9473 6975
9472 6973
9471 6971
9470 6969
9469 6967
9468 6964
9467 6962
9466 6960
9465 6958
9464 6956
9463 6953
9462 6951
9461 6949
9460 6947
9459 6945
9458 6942
9457 6940
9456 6938
9455 6936
9454 6934
9453 6931
9452 6929
9451 6927
9450 6925
9449 6923
9448 6920
9447 6918
9446 6916
9445 6914
9444 6912
9443 6909
9442 6907
9441 6905
9440 6903
9439 6901
9438 6898
9437 6896
9436 6894
9435 6892
9434 6890
9433 6887
9432 6885
9431 6883
9430 6881
9429 6879
9428 6876
9427 6874
9426 6872
9425 6870
9424 6868
9423 6866
9422 6863
9421 6861
9420 6859
9419 6857
9418 6855
9417 6852
9416 6850
9415 6848
9414 6846
9413 6844
9412 6842
9411 6839
9410 6837
9409 6835
9408 6833
9407 6831
9406 6828
9405 6826
9404 6824
9403 6822
9402 6820
9401 6818
9400 6815
9399 6813
9398 6811
9397 6809
9396 6807
9395 6804
9394 6802
9393 6800
9392 6798
9391 6796
9390 6794
9389 6791
9388 6789
9387 6787
9386 6785
9385 6783
9384 6781
9383 6778
9382 6776
9381 6774
9380 6772
9379 6770
9378 6768
9377 6765
9376 6763
9375 6761
9374 6759
9373 6757
9372 6755
9371 6752
9370 6750
9369 6748
9368 6746
9367 6744
9366 6742
9365 6739
9364 6737
9363 6735
9362 6733
9361 6731
9360 6729
9359 6727
9358 6724
9357 6722
9356 6720
9355 6718
9354 6716
9353 6714
9352 6711
9351 6709
9350 6707
9349 6705
9348 6703
9347 6701
9346 6699
9345 6696
9344 6694
9343 6692
9342 6690
9341 6688
9340 6686
9339 6684
9338 6681
9337 6679
9336 6677
9335 6675
9334 6673
9333 6671
9332 6668
9331 6666
9330 6664
9329 6662
9328 6660
9327 6658
9326 6656
9325 6653
9324 6651
9323 6649
9322 6647
9321 6645
9320 6643
9319 6641
9318 6639
9317 6636
9316 6634
9315 6632
9314 6630
9313 6628
9312 6626
9311 6624
9310 6621
9309 6619
9308 6617
9307 6615
9306 6613
9305 6611
9304 6609
9303 6606
9302 6604
9301 6602
9300 6600
9299 6598
9298 6596
9297 6594
9296 6592
9295 6589
9294 6587
9293 6585
9292 6583
9291 6581
9290 6579
9289 6577
9288 6575
9287 6572
9286 6570
9285 6568
9284 6566
9283 6564
9282 6562
9281 6560
9280 6558
9279 6555
9278 6553
9277 6551
9276 6549
9275 6547
9274 6545
9273 6543
9272 6541
9271 6539
9270 6536
9269 6534
9268 6532
9267 6530
9266 6528
9265 6526
9264 6524
9263 6522
9262 6519
9261 6517
9260 6515
9259 6513
9258 6511
9257 6509
9256 6507
9255 6505
9254 6503
9253 6501
9252 6498
9251 6496
9250 6494
9249 6492
9248 6490
9247 6488
9246 6486
9245 6484
9244 6482
9243 6479
9242 6477
9241 6475
9240 6473
9239 6471
9238 6469
9237 6467
9236 6465
9235 6463
9234 6461
9233 6458
9232 6456
9231 6454
9230 6452
9229 6450
9228 6448
9227 6446
9226 6444
9225 6442
9224 6440
9223 6437
9222 6435
9221 6433
9220 6431
9219 6429
9218 6427
9217 6425
9216 6423
9215 6421
9214 6419
9213 6417
9212 6414
9211 6412
9210 6410
9209 6408
9208 6406
9207 6404
9206 6402
9205 6400
9204 6398
9203 6396
9202 6394
9201 6391
9200 6389
9199 6387
9198 6385
9197 6383
9196 6381
9195 6379
9194 6377
9193 6375
9192 6373
9191 6371
9190 6369
9189 6367
9188 6364
9187 6362
9186 6360
9185 6358
9184 6356
9183 6354
9182 6352
9181 6350
9180 6348
9179 6346
9178 6344
9177 6342
9176 6340
9175 6337
9174 6335
9173 6333
9172 6331
9171 6329
9170 6327
9169 6325
9168 6323
9167 6321
9166 6319
9165 6317
9164 6315
9163 6313
9162 6311
9161 6308
9160 6306
9159 6304
9158 6302
9157 6300
9156 6298
9155 6296
9154 6294
9153 6292
9152 6290
9151 6288
9150 6286
9149 6284
9148 6282
9147 6280
9146 6278
9145 6275
9144 6273
9143 6271
9142 6269
9141 6267
9140 6265
9139 6263
9138 6261
9137 6259
9136 6257
9135 6255
9134 6253
9133 6251
9132 6249
9131 6247
9130 6245
9129 6243
9128 6241
9127 6238
9126 6236
9125 6234
9124 6232
9123 6230
9122 6228
9121 6226
9120 6224
9119 6222
9118 6220
9117 6218
9116 6216
9115 6214
9114 6212
9113 6210
9112 6208
9111 6206
9110 6204
9109 6202
9108 6200
9107 6198
9106 6195
9105 6193
9104 6191
9103 6189
9102 6187
9101 6185
9100 6183
9099 6181
9098 6179
9097 6177
9096 6175
9095 6173
9094 6171
9093 6169
9092 6167
9091 6165
9090 6163
9089 6161
9088 6159
9087 6157
9086 6155
9085 6153
9084 6151
9083 6149
9082 6147
9081 6145
9080 6143
9079 6141
9078 6139
9077 6136
9076 6134
9075 6132
9074 6130
9073 6128
9072 6126
9071 6124
9070 6122
9069 6120
9068 6118
9067 6116
9066 6114
9065 6112
9064 6110
9063 6108
9062 6106
9061 6104
9060 6102
9059 6100
9058 6098
9057 6096
9056 6094
9055 6092
9054 6090
9053 6088
9052 6086
9051 6084
9050 6082
9049 6080
9048 6078
9047 6076
9046 6074
9045 6072
9044 6070
9043 6068
9042 6066
9041 6064
9040 6062
9039 6060
9038 6058
9037 6056
9036 6054
9035 6052
9034 6050
9033 6048
9032 6046
9031 6044
9030 6042
9029 6040
9028 6038
9027 6036
9026 6034
9025 6032
9024 6030
9023 6028
9022 6026
9021 6024
9020 6022
9019 6020
9018 6018
9017 6016
9016 6014
9015 6012
9014 6010
9013 6008
9012 6006
9011 6004
9010 6002
9009 6000
9008 5998
9007 5996
9006 5994
9005 5992
9004 5990
9003 5988
9002 5986
9001 5984
9000 5982
8999 5980
8998 5978
8997 5976
8996 5974
8995 5972
8994 5970
8993 5968
8992 5966
8991 5964
8990 5962
8989 5960
8988 5958
8987 5956
8986 5954
8985 5952
8984 5950
8983 5948
8982 5946
8981 5944
8980 5942
8979 5940
8978 5938
8977 5936
8976 5934
8975 5932
8974 5930
8973 5928
8972 5926
8971 5924
8970 5922
8969 5920
8968 5918
8967 5916
8966 5914
8965 5912
8964 5910
8963 5908
8962 5906
8961 5904
8960 5902
8959 5900
8958 5898
8957 5896
8956 5894
8955 5892
8954 5890
8953 5888
8952 5886
8951 5884
8950 5882
8949 5880
8948 5878
8947 5876
8946 5875
8945 5873
8944 5871
8943 5869
8942 5867
8941 5865
8940 5863
8939 5861
8938 5859
8937 5857
8936 5855
8935 5853
8934 5851
8933 5849
8932 5847
8931 5845
8930 5843
8929 5841
8928 5839
8927 5837
8926 5835
8925 5833
8924 5831
8923 5829
8922 5827
8921 5825
8920 5823
8919 5821
8918 5820
8917 5818
8916 5816
8915 5814
8914 5812
8913 5810
8912 5808
8911 5806
8910 5804
8909 5802
8908 5800
8907 5798
8906 5796
8905 5794
8904 5792
8903 5790
8902 5788
8901 5786
8900 5784
8899 5782
8898 5780
8897 5778
8896 5777
8895 5775
8894 5773
8893 5771
8892 5769
8891 5767
8890 5765
8889 5763
8888 5761
8887 5759
8886 5757
8885 5755
8884 5753
8883 5751
8882 5749
8881 5747
8880 5745
8879 5743
8878 5742
8877 5740
8876 5738
8875 5736
8874 5734
8873 5732
8872 5730
8871 5728
8870 5726
8869 5724
8868 5722
8867 5720
8866 5718
8865 5716
8864 5714
8863 5712
8862 5711
8861 5709
8860 5707
8859 5705
8858 5703
8857 5701
8856 5699
8855 5697
8854 5695
8853 5693
8852 5691
8851 5689
8850 5687
8849 5685
8848 5684
8847 5682
8846 5680
8845 5678
8844 5676
8843 5674
8842 5672
8841 5670
8840 5668
8839 5666
8838 5664
8837 5662
8836 5660
8835 5658
8834 5657
8833 5655
8832 5653
8831 5651
8830 5649
8829 5647
8828 5645
8827 5643
8826 5641
8825 5639
8824 5637
8823 5635
8822 5634
8821 5632
8820 5630
8819 5628
8818 5626
8817 5624
8816 5622
8815 5620
8814 5618
8813 5616
8812 5614
8811 5612
8810 5611
8809 5609
8808 5607
8807 5605
8806 5603
8805 5601
8804 5599
8803 5597
8802 5595
8801 5593
8800 5591
8799 5590
8798 5588
8797 5586
8796 5584
8795 5582
8794 5580
8793 5578
8792 5576
8791 5574
8790 5572
8789 5571
8788 5569
8787 5567
8786 5565
8785 5563
8784 5561
8783 5559
8782 5557
8781 5555
8780 5553
8779 5552
8778 5550
8777 5548
8776 5546
8775 5544
8774 5542
8773 5540
8772 5538
8771 5536
8770 5534
8769 5533
8768 5531
8767 5529
8766 5527
8765 5525
8764 5523
8763 5521
8762 5519
8761 5517
8760 5516
8759 5514
8758 5512
8757 5510
8756 5508
8755 5506
8754 5504
8753 5502
8752 5500
8751 5499
8750 5497
8749 5495
8748 5493
8747 5491
8746 5489
8745 5487
8744 5485
8743 5484
8742 5482
8741 5480
8740 5478
8739 5476
8738 5474
8737 5472
8736 5470
8735 5468
8734 5467
8733 5465
8732 5463
8731 5461
8730 5459
8729 5457
8728 5455
8727 5453
8726 5452
8725 5450
8724 5448
8723 5446
8722 5444
8721 5442
8720 5440
8719 5438
8718 5437
8717 5435
8716 5433
8715 5431
8714 5429
8713 5427
8712 5425
8711 5423
8710 5422
8709 5420
8708 5418
8707 5416
8706 5414
8705 5412
8704 5410
8703 5409
8702 5407
8701 5405
8700 5403
8699 5401
8698 5399
8697 5397
8696 5396
8695 5394
8694 5392
8693 5390
8692 5388
8691 5386
8690 5384
8689 5382
8688 5381
8687 5379
8686 5377
8685 5375
8684 5373
8683 5371
8682 5369
8681 5368
8680 5366
8679 5364
8678 5362
8677 5360
8676 5358
8675 5357
8674 5355
8673 5353
8672 5351
8671 5349
8670 5347
8669 5345
8668 5344
8667 5342
8666 5340
8665 5338
8664 5336
8663 5334
8662 5332
8661 5331
8660 5329
8659 5327
8658 5325
8657 5323
8656 5321
8655 5320
8654 5318
8653 5316
8652 5314
8651 5312
8650 5310
8649 5308
8648 5307
8647 5305
8646 5303
8645 5301
8644 5299
8643 5297
8642 5296
8641 5294
8640 5292
8639 5290
8638 5288
8637 5286
8636 5285
8635 5283
8634 5281
8633 5279
8632 5277
8631 5275
8630 5274
8629 5272
8628 5270
8627 5268
8626 5266
8625 5264
8624 5263
8623 5261
8622 5259
8621 5257
8620 5255
8619 5253
8618 5252
8617 5250
8616 5248
8615 5246
8614 5244
8613 5242
8612 5241
8611 5239
8610 5237
8609 5235
8608 5233
8607 5231
8606 5230
8605 5228
8604 5226
8603 5224
8602 5222
8601 5221
8600 5219
8599 5217
8598 5215
8597 5213
8596 5211
8595 5210
8594 5208
8593 5206
8592 5204
8591 5202
8590 5201
8589 5199
8588 5197
8587 5195
8586 5193
8585 5191
8584 5190
8583 5188
8582 5186
8581 5184
8580 5182
8579 5181
8578 5179
8577 5177
8576 5175
8575 5173
8574 5172
8573 5170
8572 5168
8571 5166
8570 5164
8569 5162
8568 5161
8567 5159
8566 5157
8565 5155
8564 5153
8563 5152
8562 5150
8561 5148
8560 5146
8559 5144
8558 5143
8557 5141
8556 5139
8555 5137
8554 5135
8553 5134
8552 5132
8551 5130
8550 5128
8549 5126
8548 5125
8547 5123
8546 5121
8545 5119
8544 5117
8543 5116
8542 5114
8541 5112
8540 5110
8539 5108
8538 5107
8537 5105
8536 5103
8535 5101
8534 5099
8533 5098
8532 5096
8531 5094
8530 5092
8529 5091
8528 5089
8527 5087
8526 5085
8525 5083
8524 5082
8523 5080
8522 5078
8521 5076
8520 5074
8519 5073
8518 5071
8517 5069
8516 5067
8515 5065
8514 5064
8513 5062
8512 5060
8511 5058
8510 5057
8509 5055
8508 5053
8507 5051
8506 5049
8505 5048
8504 5046
8503 5044
8502 5042
8501 5041
8500 5039
8499 5037
8498 5035
8497 5033
8496 5032
8495 5030
8494 5028
8493 5026
8492 5025
8491 5023
8490 5021
8489 5019
8488 5017
8487 5016
8486 5014
8485 5012
8484 5010
8483 5009
8482 5007
8481 5005
8480 5003
8479 5001
8478 5000
8477 4998
8476 4996
8475 4994
8474 4993
8473 4991
8472 4989
8471 4987
8470 4986
8469 4984
8468 4982
8467 4980
8466 4978
8465 4977
8464 4975
8463 4973
8462 4971
8461 4970
8460 4968
8459 4966
8458 4964
8457 4963
8456 4961
8455 4959
8454 4957
8453 4956
8452 4954
8451 4952
8450 4950
8449 4949
8448 4947
8447 4945
8446 4943
8445 4942
8444 4940
8443 4938
8442 4936
8441 4935
8440 4933
8439 4931
8438 4929
8437 4927
8436 4926
8435 4924
8434 4922
8433 4920
8432 4919
8431 4917
8430 4915
8429 4913
8428 4912
8427 4910
8426 4908
8425 4906
8424 4905
8423 4903
8422 4901
8421 4899
8420 4898
8419 4896
8418 4894
8417 4893
8416 4891
8415 4889
8414 4887
8413 4886
8412 4884
8411 4882
8410 4880
8409 4879
8408 4877
8407 4875
8406 4873
8405 4872
8404 4870
8403 4868
8402 4866
8401 4865
8400 4863
8399 4861
8398 4859
8397 4858
8396 4856
8395 4854
8394 4853
8393 4851
8392 4849
8391 4847
8390 4846
8389 4844
8388 4842
8387 4840
8386 4839
8385 4837
8384 4835
8383 4833
8382 4832
8381 4830
8380 4828
8379 4827
8378 4825
8377 4823
8376 4821
8375 4820
8374 4818
8373 4816
8372 4814
8371 4813
8370 4811
8369 4809
8368 4808
8367 4806
8366 4804
8365 4802
8364 4801
8363 4799
8362 4797
8361 4795
8360 4794
8359 4792
8358 4790
8357 4789
8356 4787
8355 4785
8354 4783
8353 4782
8352 4780
8351 4778
8350 4777
8349 4775
8348 4773
8347 4771
8346 4770
8345 4768
8344 4766
8343 4765
8342 4763
8341 4761
8340 4759
8339 4758
8338 4756
8337 4754
8336 4753
8335 4751
8334 4749
8333 4747
8332 4746
8331 4744
8330 4742
8329 4741
8328 4739
8327 4737
8326 4735
8325 4734
8324 4732
8323 4730
8322 4729
8321 4727
8320 4725
8319 4724
8318 4722
8317 4720
8316 4718
8315 4717
8314 4715
8313 4713
8312 4712
8311 4710
8310 4708
8309 4707
8308 4705
8307 4703
8306 4701
8305 4700
8304 4698
8303 4696
8302 4695
8301 4693
8300 4691
8299 4690
8298 4688
8297 4686
8296 4684
8295 4683
8294 4681
8293 4679
8292 4678
8291 4676
8290 4674
8289 4673
8288 4671
8287 4669
8286 4668
8285 4666
8284 4664
8283 4662
8282 4661
8281 4659
8280 4657
8279 4656
8278 4654
8277 4652
8276 4651
8275 4649
8274 4647
8273 4646
8272 4644
8271 4642
8270 4641
8269 4639
8268 4637
8267 4635
8266 4634
8265 4632
8264 4630
8263 4629
8262 4627
8261 4625
8260 4624
8259 4622
8258 4620
8257 4619
8256 4617
8255 4615
8254 4614
8253 4612
8252 4610
8251 4609
8250 4607
8249 4605
8248 4604
8247 4602
8246 4600
8245 4599
8244 4597
8243 4595
8242 4594
8241 4592
8240 4590
8239 4589
8238 4587
8237 4585
8236 4584
8235 4582
8234 4580
8233 4579
8232 4577
8231 4575
8230 4574
8229 4572
8228 4570
8227 4569
8226 4567
8225 4565
8224 4564
8223 4562
8222 4560
8221 4559
8220 4557
8219 4555
8218 4554
8217 4552
8216 4550
8215 4549
8214 4547
8213 4545
8212 4544
8211 4542
8210 4540
8209 4539
8208 4537
8207 4535
8206 4534
8205 4532
8204 4530
8203 4529
8202 4527
8201 4525
8200 4524
8199 4522
8198 4520
8197 4519
8196 4517
8195 4515
8194 4514
8193 4512
8192 4510
8191 4509
8190 4507
8189 4505
8188 4504
8187 4502
8186 4501
8185 4499
8184 4497
8183 4496
8182 4494
8181 4492
8180 4491
8179 4489
8178 4487
8177 4486
8176 4484
8175 4482
8174 4481
8173 4479
8172 4477
8171 4476
8170 4474
8169 4473
8168 4471
8167 4469
8166 4468
8165 4466
8164 4464
8163 4463
8162 4461
8161 4459
8160 4458
8159 4456
8158 4454
8157 4453
8156 4451
8155 4450
8154 4448
8153 4446
8152 4445
8151 4443
8150 4441
8149 4440
8148 4438
8147 4436
8146 4435
8145 4433
8144 4432
8143 4430
8142 4428
8141 4427
8140 4425
8139 4423
8138 4422
8137 4420
8136 4419
8135 4417
8134 4415
8133 4414
8132 4412
8131 4410
8130 4409
8129 4407
8128 4406
8127 4404
8126 4402
8125 4401
8124 4399
8123 4397
8122 4396
8121 4394
8120 4393
8119 4391
8118 4389
8117 4388
8116 4386
8115 4384
8114 4383
8113 4381
8112 4380
8111 4378
8110 4376
8109 4375
8108 4373
8107 4371
8106 4370
8105 4368
8104 4367
8103 4365
8102 4363
8101 4362
8100 4360
8099 4359
8098 4357
8097 4355
8096 4354
8095 4352
8094 4350
8093 4349
8092 4347
8091 4346
8090 4344
8089 4342
8088 4341
8087 4339
8086 4338
8085 4336
8084 4334
8083 4333
8082 4331
8081 4329
8080 4328
8079 4326
8078 4325
8077 4323
8076 4321
8075 4320
8074 4318
8073 4317
8072 4315
8071 4313
8070 4312
8069 4310
8068 4309
8067 4307
8066 4305
8065 4304
8064 4302
8063 4301
8062 4299
8061 4297
8060 4296
8059 4294
8058 4293
8057 4291
8056 4289
8055 4288
8054 4286
8053 4285
8052 4283
8051 4281
8050 4280
8049 4278
8048 4277
8047 4275
8046 4273
8045 4272
8044 4270
8043 4269
8042 4267
8041 4265
8040 4264
8039 4262
8038 4261
8037 4259
8036 4258
8035 4256
8034 4254
8033 4253
8032 4251
8031 4250
8030 4248
8029 4246
8028 4245
8027 4243
8026 4242
8025 4240
8024 4238
8023 4237
8022 4235
8021 4234
8020 4232
8019 4231
8018 4229
8017 4227
8016 4226
8015 4224
8014 4223
8013 4221
8012 4219
8011 4218
8010 4216
8009 4215
8008 4213
8007 4212
8006 4210
8005 4208
8004 4207
8003 4205
8002 4204
8001 4202
8000 4201
7999 4199
7998 4197
7997 4196
7996 4194
7995 4193
7994 4191
7993 4190
7992 4188
7991 4186
7990 4185
7989 4183
7988 4182
7987 4180
7986 4179
7985 4177
7984 4175
7983 4174
7982 4172
7981 4171
7980 4169
7979 4168
7978 4166
7977 4164
7976 4163
7975 4161
7974 4160
7973 4158
7972 4157
7971 4155
7970 4153
7969 4152
7968 4150
7967 4149
7966 4147
7965 4146
7964 4144
7963 4143
7962 4141
7961 4139
7960 4138
7959 4136
7958 4135
7957 4133
7956 4132
7955 4130
7954 4128
7953 4127
7952 4125
7951 4124
7950 4122
7949 4121
7948 4119
7947 4118
7946 4116
7945 4114
7944 4113
7943 4111
7942 4110
7941 4108
7940 4107
7939 4105
7938 4104
7937 4102
7936 4101
7935 4099
7934 4097
7933 4096
7932 4094
7931 4093
7930 4091
7929 4090
7928 4088
7927 4087
7926 4085
7925 4083
7924 4082
7923 4080
7922 4079
7921 4077
7920 4076
7919 4074
7918 4073
7917 4071
7916 4070
7915 4068
7914 4066
7913 4065
7912 4063
7911 4062
7910 4060
7909 4059
7908 4057
7907 4056
7906 4054
7905 4053
7904 4051
7903 4050
7902 4048
7901 4046
7900 4045
7899 4043
7898 4042
7897 4040
7896 4039
7895 4037
7894 4036
7893 4034
7892 4033
7891 4031
7890 4030
7889 4028
7888 4027
7887 4025
7886 4023
7885 4022
7884 4020
7883 4019
7882 4017
7881 4016
7880 4014
7879 4013
7878 4011
7877 4010
7876 4008
7875 4007
7874 4005
7873 4004
7872 4002
7871 4001
7870 3999
7869 3997
7868 3996
7867 3994
7866 3993
7865 3991
7864 3990
7863 3988
7862 3987
7861 3985
7860 3984
7859 3982
7858 3981
7857 3979
7856 3978
7855 3976
7854 3975
7853 3973
7852 3972
7851 3970
7850 3969
7849 3967
7848 3966
7847 3964
7846 3963
7845 3961
7844 3959
7843 3958
7842 3956
7841 3955
7840 3953
7839 3952
7838 3950
7837 3949
7836 3947
7835 3946
7834 3944
7833 3943
7832 3941
7831 3940
7830 3938
7829 3937
7828 3935
7827 3934
7826 3932
7825 3931
7824 3929
7823 3928
7822 3926
7821 3925
7820 3923
7819 3922
7818 3920
7817 3919
7816 3917
7815 3916
7814 3914
7813 3913
7812 3911
7811 3910
7810 3908
7809 3907
7808 3905
7807 3904
7806 3902
7805 3901
7804 3899
7803 3898
7802 3896
7801 3895
7800 3893
7799 3892
7798 3890
7797 3889
7796 3887
7795 3886
7794 3884
7793 3883
7792 3881
7791 3880
7790 3878
7789 3877
7788 3875
7787 3874
7786 3872
7785 3871
7784 3869
7783 3868
7782 3866
7781 3865
7780 3863
7779 3862
7778 3860
7777 3859
7776 3857
7775 3856
7774 3854
7773 3853
7772 3851
7771 3850
7770 3848
7769 3847
7768 3845
7767 3844
7766 3843
7765 3841
7764 3840
7763 3838
7762 3837
7761 3835
7760 3834
7759 3832
7758 3831
7757 3829
7756 3828
7755 3826
7754 3825
7753 3823
7752 3822
7751 3820
7750 3819
7749 3817
7748 3816
7747 3814
7746 3813
7745 3811
7744 3810
7743 3808
7742 3807
7741 3806
7740 3804
7739 3803
7738 3801
7737 3800
7736 3798
7735 3797
7734 3795
7733 3794
7732 3792
7731 3791
7730 3789
7729 3788
7728 3786
7727 3785
7726 3783
7725 3782
7724 3780
7723 3779
7722 3778
7721 3776
7720 3775
7719 3773
7718 3772
7717 3770
7716 3769
7715 3767
7714 3766
7713 3764
7712 3763
7711 3761
7710 3760
7709 3758
7708 3757
7707 3756
7706 3754
7705 3753
7704 3751
7703 3750
7702 3748
7701 3747
7700 3745
7699 3744
7698 3742
7697 3741
7696 3739
7695 3738
7694 3737
7693 3735
7692 3734
7691 3732
7690 3731
7689 3729
7688 3728
7687 3726
7686 3725
7685 3723
7684 3722
7683 3721
7682 3719
7681 3718
7680 3716
7679 3715
7678 3713
7677 3712
7676 3710
7675 3709
7674 3708
7673 3706
7672 3705
7671 3703
7670 3702
7669 3700
7668 3699
7667 3697
7666 3696
7665 3694
7664 3693
7663 3692
7662 3690
7661 3689
7660 3687
7659 3686
7658 3684
7657 3683
7656 3681
7655 3680
7654 3679
7653 3677
7652 3676
7651 3674
7650 3673
7649 3671
7648 3670
7647 3668
7646 3667
7645 3666
7644 3664
7643 3663
7642 3661
7641 3660
7640 3658
7639 3657
7638 3656
7637 3654
7636 3653
7635 3651
7634 3650
7633 3648
7632 3647
7631 3646
7630 3644
7629 3643
7628 3641
7627 3640
7626 3638
7625 3637
7624 3635
7623 3634
7622 3633
7621 3631
7620 3630
7619 3628
7618 3627
7617 3625
7616 3624
7615 3623
7614 3621
7613 3620
7612 3618
7611 3617
7610 3615
7609 3614
7608 3613
7607 3611
7606 3610
7605 3608
7604 3607
7603 3606
7602 3604
7601 3603
7600 3601
7599 3600
7598 3598
7597 3597
7596 3596
7595 3594
7594 3593
7593 3591
7592 3590
7591 3588
7590 3587
7589 3586
7588 3584
7587 3583
7586 3581
7585 3580
7584 3579
7583 3577
7582 3576
7581 3574
7580 3573
7579 3571
7578 3570
7577 3569
7576 3567
7575 3566
7574 3564
7573 3563
7572 3562
7571 3560
7570 3559
7569 3557
7568 3556
7567 3555
7566 3553
7565 3552
7564 3550
7563 3549
7562 3547
7561 3546
7560 3545
7559 3543
7558 3542
7557 3540
7556 3539
7555 3538
7554 3536
7553 3535
7552 3533
7551 3532
7550 3531
7549 3529
7548 3528
7547 3526
7546 3525
7545 3524
7544 3522
7543 3521
7542 3519
7541 3518
7540 3517
7539 3515
7538 3514
7537 3512
7536 3511
7535 3510
7534 3508
7533 3507
7532 3505
7531 3504
7530 3503
7529 3501
7528 3500
7527 3498
7526 3497
7525 3496
7524 3494
7523 3493
7522 3491
7521 3490
7520 3489
7519 3487
7518 3486
7517 3484
7516 3483
7515 3482
7514 3480
7513 3479
7512 3478
7511 3476
7510 3475
7509 3473
7508 3472
7507 3471
7506 3469
7505 3468
7504 3466
7503 3465
7502 3464
7501 3462
7500 3461
7499 3460
7498 3458
7497 3457
7496 3455
7495 3454
7494 3453
7493 3451
7492 3450
7491 3448
7490 3447
7489 3446
7488 3444
7487 3443
7486 3442
7485 3440
7484 3439
7483 3437
7482 3436
7481 3435
7480 3433
7479 3432
7478 3431
7477 3429
7476 3428
7475 3426
7474 3425
7473 3424
7472 3422
7471 3421
7470 3420
7469 3418
7468 3417
7467 3415
7466 3414
7465 3413
7464 3411
7463 3410
7462 3409
7461 3407
7460 3406
7459 3404
7458 3403
7457 3402
7456 3400
7455 3399
7454 3398
7453 3396
7452 3395
7451 3393
7450 3392
7449 3391
7448 3389
7447 3388
7446 3387
7445 3385
7444 3384
7443 3383
7442 3381
7441 3380
7440 3378
7439 3377
7438 3376
7437 3374
7436 3373
7435 3372
7434 3370
7433 3369
7432 3368
7431 3366
7430 3365
7429 3363
7428 3362
7427 3361
7426 3359
7425 3358
7424 3357
7423 3355
7422 3354
7421 3353
7420 3351
7419 3350
7418 3349
7417 3347
7416 3346
7415 3345
7414 3343
7413 3342
7412 3340
7411 3339
7410 3338
7409 3336
7408 3335
7407 3334
7406 3332
7405 3331
7404 3330
7403 3328
7402 3327
7401 3326
7400 3324
7399 3323
7398 3322
7397 3320
7396 3319
7395 3318
7394 3316
7393 3315
7392 3313
7391 3312
7390 3311
7389 3309
7388 3308
7387 3307
7386 3305
7385 3304
7384 3303
7383 3301
7382 3300
7381 3299
7380 3297
7379 3296
7378 3295
7377 3293
7376 3292
7375 3291
7374 3289
7373 3288
7372 3287
7371 3285
7370 3284
7369 3283
7368 3281
7367 3280
7366 3279
7365 3277
7364 3276
7363 3275
7362 3273
7361 3272
7360 3271
7359 3269
7358 3268
7357 3267
7356 3265
7355 3264
7354 3263
7353 3261
7352 3260
7351 3259
7350 3257
7349 3256
7348 3255
7347 3253
7346 3252
7345 3251
7344 3249
7343 3248
7342 3247
7341 3245
7340 3244
7339 3243
7338 3241
7337 3240
7336 3239
7335 3237
7334 3236
7333 3235
7332 3233
7331 3232
7330 3231
7329 3229
7328 3228
7327 3227
7326 3225
7325 3224
7324 3223
7323 3222
7322 3220
7321 3219
7320 3218
7319 3216
7318 3215
7317 3214
7316 3212
7315 3211
7314 3210
7313 3208
7312 3207
7311 3206
7310 3204
7309 3203
7308 3202
7307 3200
7306 3199
7305 3198
7304 3196
7303 3195
7302 3194
7301 3193
7300 3191
7299 3190
7298 3189
7297 3187
7296 3186
7295 3185
7294 3183
7293 3182
7292 3181
7291 3179
7290 3178
7289 3177
7288 3176
7287 3174
7286 3173
7285 3172
7284 3170
7283 3169
7282 3168
7281 3166
7280 3165
7279 3164
7278 3162
7277 3161
7276 3160
7275 3159
7274 3157
7273 3156
7272 3155
7271 3153
7270 3152
7269 3151
7268 3149
7267 3148
7266 3147
7265 3146
7264 3144
7263 3143
7262 3142
7261 3140
7260 3139
7259 3138
7258 3136
7257 3135
7256 3134
7255 3133
7254 3131
7253 3130
7252 3129
7251 3127
7250 3126
7249 3125
7248 3123
7247 3122
7246 3121
7245 3120
7244 3118
7243 3117
7242 3116
7241 3114
7240 3113
7239 3112
7238 3111
7237 3109
7236 3108
7235 3107
7234 3105
7233 3104
7232 3103
7231 3102
7230 3100
7229 3099
7228 3098
7227 3096
7226 3095
7225 3094
7224 3093
7223 3091
7222 3090
7221 3089
7220 3087
7219 3086
7218 3085
7217 3084
7216 3082
7215 3081
7214 3080
7213 3078
7212 3077
7211 3076
7210 3075
7209 3073
7208 3072
7207 3071
7206 3069
7205 3068
7204 3067
7203 3066
7202 3064
7201 3063
7200 3062
7199 3061
7198 3059
7197 3058
7196 3057
7195 3055
7194 3054
7193 3053
7192 3052
7191 3050
7190 3049
7189 3048
7188 3047
7187 3045
7186 3044
7185 3043
7184 3041
7183 3040
7182 3039
7181 3038
7180 3036
7179 3035
7178 3034
7177 3033
7176 3031
7175 3030
7174 3029
7173 3027
7172 3026
7171 3025
7170 3024
7169 3022
7168 3021
7167 3020
7166 3019
7165 3017
7164 3016
7163 3015
7162 3014
7161 3012
7160 3011
7159 3010
7158 3009
7157 3007
7156 3006
7155 3005
7154 3003
7153 3002
7152 3001
7151 3000
7150 2998
7149 2997
7148 2996
7147 2995
7146 2993
7145 2992
7144 2991
7143 2990
7142 2988
7141 2987
7140 2986
7139 2985
7138 2983
7137 2982
7136 2981
7135 2980
7134 2978
7133 2977
7132 2976
7131 2975
7130 2973
7129 2972
7128 2971
7127 2970
7126 2968
7125 2967
7124 2966
7123 2965
7122 2963
7121 2962
7120 2961
7119 2960
7118 2958
7117 2957
7116 2956
7115 2955
7114 2953
7113 2952
7112 2951
7111 2950
7110 2948
7109 2947
7108 2946
7107 2945
7106 2943
7105 2942
7104 2941
7103 2940
7102 2938
7101 2937
7100 2936
7099 2935
7098 2933
7097 2932
7096 2931
7095 2930
7094 2929
7093 2927
7092 2926
7091 2925
7090 2924
7089 2922
7088 2921
7087 2920
7086 2919
7085 2917
7084 2916
7083 2915
7082 2914
7081 2912
7080 2911
7079 2910
7078 2909
7077 2907
7076 2906
7075 2905
7074 2904
7073 2903
7072 2901
7071 2900
7070 2899
7069 2898
7068 2896
7067 2895
7066 2894
7065 2893
7064 2891
7063 2890
7062 2889
7061 2888
7060 2887
7059 2885
7058 2884
7057 2883
7056 2882
7055 2880
7054 2879
7053 2878
7052 2877
7051 2876
7050 2874
7049 2873
7048 2872
7047 2871
7046 2869
7045 2868
7044 2867
7043 2866
7042 2865
7041 2863
7040 2862
7039 2861
7038 2860
7037 2858
7036 2857
7035 2856
7034 2855
7033 2854
7032 2852
7031 2851
7030 2850
7029 2849
7028 2847
7027 2846
7026 2845
7025 2844
7024 2843
7023 2841
7022 2840
7021 2839
7020 2838
7019 2837
7018 2835
7017 2834
7016 2833
7015 2832
7014 2831
7013 2829
7012 2828
7011 2827
7010 2826
7009 2824
7008 2823
7007 2822
7006 2821
7005 2820
7004 2818
7003 2817
7002 2816
7001 2815
7000 2814
6999 2812
6998 2811
6997 2810
6996 2809
6995 2808
6994 2806
6993 2805
6992 2804
6991 2803
6990 2802
6989 2800
6988 2799
6987 2798
6986 2797
6985 2796
6984 2794
6983 2793
6982 2792
6981 2791
6980 2790
6979 2788
6978 2787
6977 2786
6976 2785
6975 2784
6974 2782
6973 2781
6972 2780
6971 2779
6970 2778
6969 2776
6968 2775
6967 2774
6966 2773
6965 2772
6964 2770
6963 2769
6962 2768
6961 2767
6960 2766
6959 2764
6958 2763
6957 2762
6956 2761
6955 2760
6954 2758
6953 2757
6952 2756
6951 2755
6950 2754
6949 2753
6948 2751
6947 2750
6946 2749
6945 2748
6944 2747
6943 2745
6942 2744
6941 2743
6940 2742
6939 2741
6938 2739
6937 2738
6936 2737
6935 2736
6934 2735
6933 2734
6932 2732
6931 2731
6930 2730
6929 2729
6928 2728
6927 2726
6926 2725
6925 2724
6924 2723
6923 2722
6922 2721
6921 2719
6920 2718
6919 2717
6918 2716
6917 2715
6916 2713
6915 2712
6914 2711
6913 2710
6912 2709
6911 2708
6910 2706
6909 2705
6908 2704
6907 2703
6906 2702
6905 2701
6904 2699
6903 2698
6902 2697
6901 2696
6900 2695
6899 2693
6898 2692
6897 2691
6896 2690
6895 2689
6894 2688
6893 2686
6892 2685
6891 2684
6890 2683
6889 2682
6888 2681
6887 2679
6886 2678
6885 2677
6884 2676
6883 2675
6882 2674
6881 2672
6880 2671
6879 2670
6878 2669
6877 2668
6876 2667
6875 2665
6874 2664
6873 2663
6872 2662
6871 2661
6870 2660
6869 2658
6868 2657
6867 2656
6866 2655
6865 2654
6864 2653
6863 2652
6862 2650
6861 2649
6860 2648
6859 2647
6858 2646
6857 2645
6856 2643
6855 2642
6854 2641
6853 2640
6852 2639
6851 2638
6850 2636
6849 2635
6848 2634
6847 2633
6846 2632
6845 2631
6844 2630
6843 2628
6842 2627
6841 2626
6840 2625
6839 2624
6838 2623
6837 2621
6836 2620
6835 2619
6834 2618
6833 2617
6832 2616
6831 2615
6830 2613
6829 2612
6828 2611
6827 2610
6826 2609
6825 2608
6824 2607
6823 2605
6822 2604
6821 2603
6820 2602
6819 2601
6818 2600
6817 2599
6816 2597
6815 2596
6814 2595
6813 2594
6812 2593
6811 2592
6810 2591
6809 2589
6808 2588
6807 2587
6806 2586
6805 2585
6804 2584
6803 2583
6802 2581
6801 2580
6800 2579
6799 2578
6798 2577
6797 2576
6796 2575
6795 2573
6794 2572
6793 2571
6792 2570
6791 2569
6790 2568
6789 2567
6788 2565
6787 2564
6786 2563
6785 2562
6784 2561
6783 2560
6782 2559
6781 2558
6780 2556
6779 2555
6778 2554
6777 2553
6776 2552
6775 2551
6774 2550
6773 2549
6772 2547
6771 2546
6770 2545
6769 2544
6768 2543
6767 2542
6766 2541
6765 2539
6764 2538
6763 2537
6762 2536
6761 2535
6760 2534
6759 2533
6758 2532
6757 2530
6756 2529
6755 2528
6754 2527
6753 2526
6752 2525
6751 2524
6750 2523
6749 2522
6748 2520
6747 2519
6746 2518
6745 2517
6744 2516
6743 2515
6742 2514
6741 2513
6740 2511
6739 2510
6738 2509
6737 2508
6736 2507
6735 2506
6734 2505
6733 2504
6732 2502
6731 2501
6730 2500
6729 2499
6728 2498
6727 2497
6726 2496
6725 2495
6724 2494
6723 2492
6722 2491
6721 2490
6720 2489
6719 2488
6718 2487
6717 2486
6716 2485
6715 2484
6714 2482
6713 2481
6712 2480
6711 2479
6710 2478
6709 2477
6708 2476
6707 2475
6706 2474
6705 2472
6704 2471
6703 2470
6702 2469
6701 2468
6700 2467
6699 2466
6698 2465
6697 2464
6696 2463
6695 2461
6694 2460
6693 2459
6692 2458
6691 2457
6690 2456
6689 2455
6688 2454
6687 2453
6686 2452
6685 2450
6684 2449
6683 2448
6682 2447
6681 2446
6680 2445
6679 2444
6678 2443
6677 2442
6676 2441
6675 2439
6674 2438
6673 2437
6672 2436
6671 2435
6670 2434
6669 2433
6668 2432
6667 2431
6666 2430
6665 2428
6664 2427
6663 2426
6662 2425
6661 2424
6660 2423
6659 2422
6658 2421
6657 2420
6656 2419
6655 2418
6654 2416
6653 2415
6652 2414
6651 2413
6650 2412
6649 2411
6648 2410
6647 2409
6646 2408
6645 2407
6644 2406
6643 2404
6642 2403
6641 2402
6640 2401
6639 2400
6638 2399
6637 2398
6636 2397
6635 2396
6634 2395
6633 2394
6632 2393
6631 2391
6630 2390
6629 2389
6628 2388
6627 2387
6626 2386
6625 2385
6624 2384
6623 2383
6622 2382
6621 2381
6620 2380
6619 2379
6618 2377
6617 2376
6616 2375
6615 2374
6614 2373
6613 2372
6612 2371
6611 2370
6610 2369
6609 2368
6608 2367
6607 2366
6606 2365
6605 2363
6604 2362
6603 2361
6602 2360
6601 2359
6600 2358
6599 2357
6598 2356
6597 2355
6596 2354
6595 2353
6594 2352
6593 2351
6592 2350
6591 2348
6590 2347
6589 2346
6588 2345
6587 2344
6586 2343
6585 2342
6584 2341
6583 2340
6582 2339
6581 2338
6580 2337
6579 2336
6578 2335
6577 2334
6576 2332
6575 2331
6574 2330
6573 2329
6572 2328
6571 2327
6570 2326
6569 2325
6568 2324
6567 2323
6566 2322
6565 2321
6564 2320
6563 2319
6562 2318
6561 2317
6560 2315
6559 2314
6558 2313
6557 2312
6556 2311
6555 2310
6554 2309
6553 2308
6552 2307
6551 2306
6550 2305
6549 2304
6548 2303
6547 2302
6546 2301
6545 2300
6544 2299
6543 2297
6542 2296
6541 2295
6540 2294
6539 2293
6538 2292
6537 2291
6536 2290
6535 2289
6534 2288
6533 2287
6532 2286
6531 2285
6530 2284
6529 2283
6528 2282
6527 2281
6526 2280
6525 2279
6524 2278
6523 2276
6522 2275
6521 2274
6520 2273
6519 2272
6518 2271
6517 2270
6516 2269
6515 2268
6514 2267
6513 2266
6512 2265
6511 2264
6510 2263
6509 2262
6508 2261
6507 2260
6506 2259
6505 2258
6504 2257
6503 2256
6502 2255
6501 2254
6500 2252
6499 2251
6498 2250
6497 2249
6496 2248
6495 2247
6494 2246
6493 2245
6492 2244
6491 2243
6490 2242
6489 2241
6488 2240
6487 2239
6486 2238
6485 2237
6484 2236
6483 2235
6482 2234
6481 2233
6480 2232
6479 2231
6478 2230
6477 2229
6476 2228
6475 2227
6474 2226
6473 2224
6472 2223
6471 2222
6470 2221
6469 2220
6468 2219
6467 2218
6466 2217
6465 2216
6464 2215
6463 2214
6462 2213
6461 2212
6460 2211
6459 2210
6458 2209
6457 2208
6456 2207
6455 2206
6454 2205
6453 2204
6452 2203
6451 2202
6450 2201
6449 2200
6448 2199
6447 2198
6446 2197
6445 2196
6444 2195
6443 2194
6442 2193
6441 2192
6440 2191
6439 2190
6438 2189
6437 2188
6436 2187
6435 2186
6434 2185
6433 2183
6432 2182
6431 2181
6430 2180
6429 2179
6428 2178
6427 2177
6426 2176
6425 2175
6424 2174
6423 2173
6422 2172
6421 2171
6420 2170
6419 2169
6418 2168
6417 2167
6416 2166
6415 2165
6414 2164
6413 2163
6412 2162
6411 2161
6410 2160
6409 2159
6408 2158
6407 2157
6406 2156
6405 2155
6404 2154
6403 2153
6402 2152
6401 2151
6400 2150
6399 2149
6398 2148
6397 2147
6396 2146
6395 2145
6394 2144
6393 2143
6392 2142
6391 2141
6390 2140
6389 2139
6388 2138
6387 2137
6386 2136
6385 2135
6384 2134
6383 2133
6382 2132
6381 2131
6380 2130
6379 2129
6378 2128
6377 2127
6376 2126
6375 2125
6374 2124
6373 2123
6372 2122
6371 2121
6370 2120
6369 2119
6368 2118
6367 2117
6366 2116
6365 2115
6364 2114
6363 2113
6362 2112
6361 2111
6360 2110
6359 2109
6358 2108
6357 2107
6356 2106
6355 2105
6354 2104
6353 2103
6352 2102
6351 2101
6350 2100
6349 2099
6348 2098
6347 2097
6346 2096
6345 2095
6344 2094
6343 2093
6342 2092
6341 2091
6340 2090
6339 2089
6338 2088
6337 2087
6336 2086
6335 2085
6334 2084
6333 2083
6332 2082
6331 2081
6330 2080
6329 2079
6328 2078
6327 2077
6326 2076
6325 2075
6324 2074
6323 2073
6322 2072
6321 2071
6320 2070
6319 2069
6318 2068
6317 2067
6316 2066
6315 2065
6314 2064
6313 2063
6312 2063
6311 2062
6310 2061
6309 2060
6308 2059
6307 2058
6306 2057
6305 2056
6304 2055
6303 2054
6302 2053
6301 2052
6300 2051
6299 2050
6298 2049
6297 2048
6296 2047
6295 2046
6294 2045
6293 2044
6292 2043
6291 2042
6290 2041
6289 2040
6288 2039
6287 2038
6286 2037
6285 2036
6284 2035
6283 2034
6282 2033
6281 2032
6280 2031
6279 2030
6278 2029
6277 2028
6276 2027
6275 2026
6274 2025
6273 2024
6272 2024
6271 2023
6270 2022
6269 2021
6268 2020
6267 2019
6266 2018
6265 2017
6264 2016
6263 2015
6262 2014
6261 2013
6260 2012
6259 2011
6258 2010
6257 2009
6256 2008
6255 2007
6254 2006
6253 2005
6252 2004
6251 2003
6250 2002
6249 2001
6248 2000
6247 1999
6246 1998
6245 1997
6244 1997
6243 1996
6242 1995
6241 1994
6240 1993
6239 1992
6238 1991
6237 1990
6236 1989
6235 1988
6234 1987
6233 1986
6232 1985
6231 1984
6230 1983
6229 1982
6228 1981
6227 1980
6226 1979
6225 1978
6224 1977
6223 1976
6222 1975
6221 1975
6220 1974
6219 1973
6218 1972
6217 1971
6216 1970
6215 1969
6214 1968
6213 1967
6212 1966
6211 1965
6210 1964
6209 1963
6208 1962
6207 1961
6206 1960
6205 1959
6204 1958
6203 1957
6202 1956
6201 1956
6200 1955
6199 1954
6198 1953
6197 1952
6196 1951
6195 1950
6194 1949
6193 1948
6192 1947
6191 1946
6190 1945
6189 1944
6188 1943
6187 1942
6186 1941
6185 1940
6184 1939
6183 1939
6182 1938
6181 1937
6180 1936
6179 1935
6178 1934
6177 1933
6176 1932
6175 1931
6174 1930
6173 1929
6172 1928
6171 1927
6170 1926
6169 1925
6168 1924
6167 1924
6166 1923
6165 1922
6164 1921
6163 1920
6162 1919
6161 1918
6160 1917
6159 1916
6158 1915
6157 1914
6156 1913
6155 1912
6154 1911
6153 1910
6152 1910
6151 1909
6150 1908
6149 1907
6148 1906
6147 1905
6146 1904
6145 1903
6144 1902
6143 1901
6142 1900
6141 1899
6140 1898
6139 1897
6138 1897
6137 1896
6136 1895
6135 1894
6134 1893
6133 1892
6132 1891
6131 1890
6130 1889
6129 1888
6128 1887
6127 1886
6126 1885
6125 1884
6124 1884
6123 1883
6122 1882
6121 1881
6120 1880
6119 1879
6118 1878
6117 1877
6116 1876
6115 1875
6114 1874
6113 1873
6112 1873
6111 1872
6110 1871
6109 1870
6108 1869
6107 1868
6106 1867
6105 1866
6104 1865
6103 1864
6102 1863
6101 1862
6100 1861
6099 1861
6098 1860
6097 1859
6096 1858
6095 1857
6094 1856
6093 1855
6092 1854
6091 1853
6090 1852
6089 1851
6088 1851
6087 1850
6086 1849
6085 1848
6084 1847
6083 1846
6082 1845
6081 1844
6080 1843
6079 1842
6078 1841
6077 1840
6076 1840
6075 1839
6074 1838
6073 1837
6072 1836
6071 1835
6070 1834
6069 1833
6068 1832
6067 1831
6066 1831
6065 1830
6064 1829
6063 1828
6062 1827
6061 1826
6060 1825
6059 1824
6058 1823
6057 1822
6056 1821
6055 1821
6054 1820
6053 1819
6052 1818
6051 1817
6050 1816
6049 1815
6048 1814
6047 1813
6046 1812
6045 1812
6044 1811
6043 1810
6042 1809
6041 1808
6040 1807
6039 1806
6038 1805
6037 1804
6036 1803
6035 1803
6034 1802
6033 1801
6032 1800
6031 1799
6030 1798
6029 1797
6028 1796
6027 1795
6026 1795
6025 1794
6024 1793
6023 1792
6022 1791
6021 1790
6020 1789
6019 1788
6018 1787
6017 1786
6016 1786
6015 1785
6014 1784
6013 1783
6012 1782
6011 1781
6010 1780
6009 1779
6008 1778
6007 1778
6006 1777
6005 1776
6004 1775
6003 1774
6002 1773
6001 1772
6000 1771
5999 1770
5998 1770
5997 1769
5996 1768
5995 1767
5994 1766
5993 1765
5992 1764
5991 1763
5990 1763
5989 1762
5988 1761
5987 1760
5986 1759
5985 1758
5984 1757
5983 1756
5982 1755
5981 1755
5980 1754
5979 1753
5978 1752
5977 1751
5976 1750
5975 1749
5974 1748
5973 1748
5972 1747
5971 1746
5970 1745
5969 1744
5968 1743
5967 1742
5966 1741
5965 1741
5964 1740
5963 1739
5962 1738
5961 1737
5960 1736
5959 1735
5958 1734
5957 1734
5956 1733
5955 1732
5954 1731
5953 1730
5952 1729
5951 1728
5950 1727
5949 1727
5948 1726
5947 1725
5946 1724
5945 1723
5944 1722
5943 1721
5942 1720
5941 1720
5940 1719
5939 1718
5938 1717
5937 1716
5936 1715
5935 1714
5934 1714
5933 1713
5932 1712
5931 1711
5930 1710
5929 1709
5928 1708
5927 1707
5926 1707
5925 1706
5924 1705
5923 1704
5922 1703
5921 1702
5920 1701
5919 1701
5918 1700
5917 1699
5916 1698
5915 1697
5914 1696
5913 1695
5912 1695
5911 1694
5910 1693
5909 1692
5908 1691
5907 1690
5906 1689
5905 1689
5904 1688
5903 1687
5902 1686
5901 1685
5900 1684
5899 1683
5898 1683
5897 1682
5896 1681
5895 1680
5894 1679
5893 1678
5892 1677
5891 1677
5890 1676
5889 1675
5888 1674
5887 1673
5886 1672
5885 1671
5884 1671
5883 1670
5882 1669
5881 1668
5880 1667
5879 1666
5878 1665
5877 1665
5876 1664
5875 1663
5874 1662
5873 1661
5872 1660
5871 1659
5870 1659
5869 1658
5868 1657
5867 1656
5866 1655
5865 1654
5864 1654
5863 1653
5862 1652
5861 1651
5860 1650
5859 1649
5858 1648
5857 1648
5856 1647
5855 1646
5854 1645
5853 1644
5852 1643
5851 1643
5850 1642
5849 1641
5848 1640
5847 1639
5846 1638
5845 1638
5844 1637
5843 1636
5842 1635
5841 1634
5840 1633
5839 1632
5838 1632
5837 1631
5836 1630
5835 1629
5834 1628
5833 1627
5832 1627
5831 1626
5830 1625
5829 1624
5828 1623
5827 1622
5826 1622
5825 1621
5824 1620
5823 1619
5822 1618
5821 1617
5820 1617
5819 1616
5818 1615
5817 1614
5816 1613
5815 1612
5814 1612
5813 1611
5812 1610
5811 1609
5810 1608
5809 1607
5808 1607
5807 1606
5806 1605
5805 1604
5804 1603
5803 1602
5802 1602
5801 1601
5800 1600
5799 1599
5798 1598
5797 1597
5796 1597
5795 1596
5794 1595
5793 1594
5792 1593
5791 1593
5790 1592
5789 1591
5788 1590
5787 1589
5786 1588
5785 1588
5784 1587
5783 1586
5782 1585
5781 1584
5780 1583
5779 1583
5778 1582
5777 1581
5776 1580
5775 1579
5774 1579
5773 1578
5772 1577
5771 1576
5770 1575
5769 1574
5768 1574
5767 1573
5766 1572
5765 1571
5764 1570
5763 1570
5762 1569
5761 1568
5760 1567
5759 1566
5758 1565
5757 1565
5756 1564
5755 1563
5754 1562
5753 1561
5752 1561
5751 1560
5750 1559
5749 1558
5748 1557
5747 1556
5746 1556
5745 1555
5744 1554
5743 1553
5742 1552
5741 1552
5740 1551
5739 1550
5738 1549
5737 1548
5736 1548
5735 1547
5734 1546
5733 1545
5732 1544
5731 1544
5730 1543
5729 1542
5728 1541
5727 1540
5726 1539
5725 1539
5724 1538
5723 1537
5722 1536
5721 1535
5720 1535
5719 1534
5718 1533
5717 1532
5716 1531
5715 1531
5714 1530
5713 1529
5712 1528
5711 1527
5710 1527
5709 1526
5708 1525
5707 1524
5706 1523
5705 1523
5704 1522
5703 1521
5702 1520
5701 1519
5700 1519
5699 1518
5698 1517
5697 1516
5696 1515
5695 1515
5694 1514
5693 1513
5692 1512
5691 1511
5690 1511
5689 1510
5688 1509
5687 1508
5686 1507
5685 1507
5684 1506
5683 1505
5682 1504
5681 1503
5680 1503
5679 1502
5678 1501
5677 1500
5676 1499
5675 1499
5674 1498
5673 1497
5672 1496
5671 1496
5670 1495
5669 1494
5668 1493
5667 1492
5666 1492
5665 1491
5664 1490
5663 1489
5662 1488
5661 1488
5660 1487
5659 1486
5658 1485
5657 1484
5656 1484
5655 1483
5654 1482
5653 1481
5652 1481
5651 1480
5650 1479
5649 1478
5648 1477
5647 1477
5646 1476
5645 1475
5644 1474
5643 1473
5642 1473
5641 1472
5640 1471
5639 1470
5638 1470
5637 1469
5636 1468
5635 1467
5634 1466
5633 1466
5632 1465
5631 1464
5630 1463
5629 1463
5628 1462
5627 1461
5626 1460
5625 1459
5624 1459
5623 1458
5622 1457
5621 1456
5620 1455
5619 1455
5618 1454
5617 1453
5616 1452
5615 1452
5614 1451
5613 1450
5612 1449
5611 1449
5610 1448
5609 1447
5608 1446
5607 1445
5606 1445
5605 1444
5604 1443
5603 1442
5602 1442
5601 1441
5600 1440
5599 1439
5598 1438
5597 1438
5596 1437
5595 1436
5594 1435
5593 1435
5592 1434
5591 1433
5590 1432
5589 1432
5588 1431
5587 1430
5586 1429
5585 1428
5584 1428
5583 1427
5582 1426
5581 1425
5580 1425
5579 1424
5578 1423
5577 1422
5576 1422
5575 1421
5574 1420
5573 1419
5572 1418
5571 1418
5570 1417
5569 1416
5568 1415
5567 1415
5566 1414
5565 1413
5564 1412
5563 1412
5562 1411
5561 1410
5560 1409
5559 1409
5558 1408
5557 1407
5556 1406
5555 1406
5554 1405
5553 1404
5552 1403
5551 1403
5550 1402
5549 1401
5548 1400
5547 1399
5546 1399
5545 1398
5544 1397
5543 1396
5542 1396
5541 1395
5540 1394
5539 1393
5538 1393
5537 1392
5536 1391
5535 1390
5534 1390
5533 1389
5532 1388
5531 1387
5530 1387
5529 1386
5528 1385
5527 1384
5526 1384
5525 1383
5524 1382
5523 1381
5522 1381
5521 1380
5520 1379
5519 1378
5518 1378
5517 1377
5516 1376
5515 1375
5514 1375
5513 1374
5512 1373
5511 1372
5510 1372
5509 1371
5508 1370
5507 1369
5506 1369
5505 1368
5504 1367
5503 1366
5502 1366
5501 1365
5500 1364
5499 1363
5498 1363
5497 1362
5496 1361
5495 1360
5494 1360
5493 1359
5492 1358
5491 1357
5490 1357
5489 1356
5488 1355
5487 1355
5486 1354
5485 1353
5484 1352
5483 1352
5482 1351
5481 1350
5480 1349
5479 1349
5478 1348
5477 1347
5476 1346
5475 1346
5474 1345
5473 1344
5472 1343
5471 1343
5470 1342
5469 1341
5468 1340
5467 1340
5466 1339
5465 1338
5464 1338
5463 1337
5462 1336
5461 1335
5460 1335
5459 1334
5458 1333
5457 1332
5456 1332
5455 1331
5454 1330
5453 1329
5452 1329
5451 1328
5450 1327
5449 1327
5448 1326
5447 1325
5446 1324
5445 1324
5444 1323
5443 1322
5442 1321
5441 1321
5440 1320
5439 1319
5438 1319
5437 1318
5436 1317
5435 1316
5434 1316
5433 1315
5432 1314
5431 1313
5430 1313
5429 1312
5428 1311
5427 1311
5426 1310
5425 1309
5424 1308
5423 1308
5422 1307
5421 1306
5420 1305
5419 1305
5418 1304
5417 1303
5416 1303
5415 1302
5414 1301
5413 1300
5412 1300
5411 1299
5410 1298
5409 1298
5408 1297
5407 1296
5406 1295
5405 1295
5404 1294
5403 1293
5402 1292
5401 1292
5400 1291
5399 1290
5398 1290
5397 1289
5396 1288
5395 1287
5394 1287
5393 1286
5392 1285
5391 1285
5390 1284
5389 1283
5388 1282
5387 1282
5386 1281
5385 1280
5384 1280
5383 1279
5382 1278
5381 1277
5380 1277
5379 1276
5378 1275
5377 1275
5376 1274
5375 1273
5374 1272
5373 1272
5372 1271
5371 1270
5370 1270
5369 1269
5368 1268
5367 1268
5366 1267
5365 1266
5364 1265
5363 1265
5362 1264
5361 1263
5360 1263
5359 1262
5358 1261
5357 1260
5356 1260
5355 1259
5354 1258
5353 1258
5352 1257
5351 1256
5350 1255
5349 1255
5348 1254
5347 1253
5346 1253
5345 1252
5344 1251
5343 1251
5342 1250
5341 1249
5340 1248
5339 1248
5338 1247
5337 1246
5336 1246
5335 1245
5334 1244
5333 1244
5332 1243
5331 1242
5330 1241
5329 1241
5328 1240
5327 1239
5326 1239
5325 1238
5324 1237
5323 1237
5322 1236
5321 1235
5320 1234
5319 1234
5318 1233
5317 1232
5316 1232
5315 1231
5314 1230
5313 1230
5312 1229
5311 1228
5310 1228
5309 1227
5308 1226
5307 1225
5306 1225
5305 1224
5304 1223
5303 1223
5302 1222
5301 1221
5300 1221
5299 1220
5298 1219
5297 1219
5296 1218
5295 1217
5294 1216
5293 1216
5292 1215
5291 1214
5290 1214
5289 1213
5288 1212
5287 1212
5286 1211
5285 1210
5284 1210
5283 1209
5282 1208
5281 1208
5280 1207
5279 1206
5278 1205
5277 1205
5276 1204
5275 1203
5274 1203
5273 1202
5272 1201
5271 1201
5270 1200
5269 1199
5268 1199
5267 1198
5266 1197
5265 1197
5264 1196
5263 1195
5262 1195
5261 1194
5260 1193
5259 1192
5258 1192
5257 1191
5256 1190
5255 1190
5254 1189
5253 1188
5252 1188
5251 1187
5250 1186
5249 1186
5248 1185
5247 1184
5246 1184
5245 1183
5244 1182
5243 1182
5242 1181
5241 1180
5240 1180
5239 1179
5238 1178
5237 1178
5236 1177
5235 1176
5234 1176
5233 1175
5232 1174
5231 1174
5230 1173
5229 1172
5228 1171
5227 1171
5226 1170
5225 1169
5224 1169
5223 1168
5222 1167
5221 1167
5220 1166
5219 1165
5218 1165
5217 1164
5216 1163
5215 1163
5214 1162
5213 1161
5212 1161
5211 1160
5210 1159
5209 1159
5208 1158
5207 1157
5206 1157
5205 1156
5204 1155
5203 1155
5202 1154
5201 1153
5200 1153
5199 1152
5198 1151
5197 1151
5196 1150
5195 1149
5194 1149
5193 1148
5192 1147
5191 1147
5190 1146
5189 1145
5188 1145
5187 1144
5186 1143
5185 1143
5184 1142
5183 1141
5182 1141
5181 1140
5180 1139
5179 1139
5178 1138
5177 1138
5176 1137
5175 1136
5174 1136
5173 1135
5172 1134
5171 1134
5170 1133
5169 1132
5168 1132
5167 1131
5166 1130
5165 1130
5164 1129
5163 1128
5162 1128
5161 1127
5160 1126
5159 1126
5158 1125
5157 1124
5156 1124
5155 1123
5154 1122
5153 1122
5152 1121
5151 1120
5150 1120
5149 1119
5148 1118
5147 1118
5146 1117
5145 1117
5144 1116
5143 1115
5142 1115
5141 1114
5140 1113
5139 1113
5138 1112
5137 1111
5136 1111
5135 1110
5134 1109
5133 1109
5132 1108
5131 1107
5130 1107
5129 1106
5128 1105
5127 1105
5126 1104
5125 1104
5124 1103
5123 1102
5122 1102
5121 1101
5120 1100
5119 1100
5118 1099
5117 1098
5116 1098
5115 1097
5114 1096
5113 1096
5112 1095
5111 1095
5110 1094
5109 1093
5108 1093
5107 1092
5106 1091
5105 1091
5104 1090
5103 1089
5102 1089
5101 1088
5100 1087
5099 1087
5098 1086
5097 1086
5096 1085
5095 1084
5094 1084
5093 1083
5092 1082
5091 1082
5090 1081
5089 1080
5088 1080
5087 1079
5086 1079
5085 1078
5084 1077
5083 1077
5082 1076
5081 1075
5080 1075
5079 1074
5078 1073
5077 1073
5076 1072
5075 1072
5074 1071
5073 1070
5072 1070
5071 1069
5070 1068
5069 1068
5068 1067
5067 1066
5066 1066
5065 1065
5064 1065
5063 1064
5062 1063
5061 1063
5060 1062
5059 1061
5058 1061
5057 1060
5056 1060
5055 1059
5054 1058
5053 1058
5052 1057
5051 1056
5050 1056
5049 1055
5048 1055
5047 1054
5046 1053
5045 1053
5044 1052
5043 1051
5042 1051
5041 1050
5040 1049
5039 1049
5038 1048
5037 1048
5036 1047
5035 1046
5034 1046
5033 1045
5032 1045
5031 1044
5030 1043
5029 1043
5028 1042
5027 1041
5026 1041
5025 1040
5024 1040
5023 1039
5022 1038
5021 1038
5020 1037
5019 1036
5018 1036
5017 1035
5016 1035
5015 1034
5014 1033
5013 1033
5012 1032
5011 1031
5010 1031
5009 1030
5008 1030
5007 1029
5006 1028
5005 1028
5004 1027
5003 1027
5002 1026
5001 1025
5000 1025
4999 1024
4998 1023
4997 1023
4996 1022
4995 1022
4994 1021
4993 1020
4992 1020
4991 1019
4990 1019
4989 1018
4988 1017
4987 1017
4986 1016
4985 1015
4984 1015
4983 1014
4982 1014
4981 1013
4980 1012
4979 1012
4978 1011
4977 1011
4976 1010
4975 1009
4974 1009
4973 1008
4972 1008
4971 1007
4970 1006
4969 1006
4968 1005
4967 1005
4966 1004
4965 1003
4964 1003
4963 1002
4962 1001
4961 1001
4960 1000
4959 1000
4958 999
4957 998
4956 998
4955 997
4954 997
4953 996
4952 995
4951 995
4950 994
4949 994
4948 993
4947 992
4946 992
4945 991
4944 991
4943 990
4942 989
4941 989
4940 988
4939 988
4938 987
4937 986
4936 986
4935 985
4934 985
4933 984
4932 983
4931 983
4930 982
4929 982
4928 981
4927 980
4926 980
4925 979
4924 979
4923 978
4922 977
4921 977
4920 976
4919 976
4918 975
4917 974
4916 974
4915 973
4914 973
4913 972
4912 971
4911 971
4910 970
4909 970
4908 969
4907 969
4906 968
4905 967
4904 967
4903 966
4902 966
4901 965
4900 964
4899 964
4898 963
4897 963
4896 962
4895 961
4894 961
4893 960
4892 960
4891 959
4890 958
4889 958
4888 957
4887 957
4886 956
4885 956
4884 955
4883 954
4882 954
4881 953
4880 953
4879 952
4878 951
4877 951
4876 950
4875 950
4874 949
4873 949
4872 948
4871 947
4870 947
4869 946
4868 946
4867 945
4866 944
4865 944
4864 943
4863 943
4862 942
4861 942
4860 941
4859 940
4858 940
4857 939
4856 939
4855 938
4854 937
4853 937
4852 936
4851 936
4850 935
4849 935
4848 934
4847 933
4846 933
4845 932
4844 932
4843 931
4842 931
4841 930
4840 929
4839 929
4838 928
4837 928
4836 927
4835 926
4834 926
4833 925
4832 925
4831 924
4830 924
4829 923
4828 922
4827 922
4826 921
4825 921
4824 920
4823 920
4822 919
4821 918
4820 918
4819 917
4818 917
4817 916
4816 916
4815 915
4814 914
4813 914
4812 913
4811 913
4810 912
4809 912
4808 911
4807 910
4806 910
4805 909
4804 909
4803 908
4802 908
4801 907
4800 906
4799 906
4798 905
4797 905
4796 904
4795 904
4794 903
4793 903
4792 902
4791 901
4790 901
4789 900
4788 900
4787 899
4786 899
4785 898
4784 897
4783 897
4782 896
4781 896
4780 895
4779 895
4778 894
4777 893
4776 893
4775 892
4774 892
4773 891
4772 891
4771 890
4770 890
4769 889
4768 888
4767 888
4766 887
4765 887
4764 886
4763 886
4762 885
4761 885
4760 884
4759 883
4758 883
4757 882
4756 882
4755 881
4754 881
4753 880
4752 880
4751 879
4750 878
4749 878
4748 877
4747 877
4746 876
4745 876
4744 875
4743 875
4742 874
4741 873
4740 873
4739 872
4738 872
4737 871
4736 871
4735 870
4734 870
4733 869
4732 868
4731 868
4730 867
4729 867
4728 866
4727 866
4726 865
4725 865
4724 864
4723 864
4722 863
4721 862
4720 862
4719 861
4718 861
4717 860
4716 860
4715 859
4714 859
4713 858
4712 857
4711 857
4710 856
4709 856
4708 855
4707 855
4706 854
4705 854
4704 853
4703 853
4702 852
4701 851
4700 851
4699 850
4698 850
4697 849
4696 849
4695 848
4694 848
4693 847
4692 847
4691 846
4690 846
4689 845
4688 844
4687 844
4686 843
4685 843
4684 842
4683 842
4682 841
4681 841
4680 840
4679 840
4678 839
4677 838
4676 838
4675 837
4674 837
4673 836
4672 836
4671 835
4670 835
4669 834
4668 834
4667 833
4666 833
4665 832
4664 832
4663 831
4662 830
4661 830
4660 829
4659 829
4658 828
4657 828
4656 827
4655 827
4654 826
4653 826
4652 825
4651 825
4650 824
4649 824
4648 823
4647 822
4646 822
4645 821
4644 821
4643 820
4642 820
4641 819
4640 819
4639 818
4638 818
4637 817
4636 817
4635 816
4634 816
4633 815
4632 814
4631 814
4630 813
4629 813
4628 812
4627 812
4626 811
4625 811
4624 810
4623 810
4622 809
4621 809
4620 808
4619 808
4618 807
4617 807
4616 806
4615 806
4614 805
4613 805
4612 804
4611 803
4610 803
4609 802
4608 802
4607 801
4606 801
4605 800
4604 800
4603 799
4602 799
4601 798
4600 798
4599 797
4598 797
4597 796
4596 796
4595 795
4594 795
4593 794
4592 794
4591 793
4590 793
4589 792
4588 791
4587 791
4586 790
4585 790
4584 789
4583 789
4582 788
4581 788
4580 787
4579 787
4578 786
4577 786
4576 785
4575 785
4574 784
4573 784
4572 783
4571 783
4570 782
4569 782
4568 781
4567 781
4566 780
4565 780
4564 779
4563 779
4562 778
4561 778
4560 777
4559 777
4558 776
4557 776
4556 775
4555 775
4554 774
4553 773
4552 773
4551 772
4550 772
4549 771
4548 771
4547 770
4546 770
4545 769
4544 769
4543 768
4542 768
4541 767
4540 767
4539 766
4538 766
4537 765
4536 765
4535 764
4534 764
4533 763
4532 763
4531 762
4530 762
4529 761
4528 761
4527 760
4526 760
4525 759
4524 759
4523 758
4522 758
4521 757
4520 757
4519 756
4518 756
4517 755
4516 755
4515 754
4514 754
4513 753
4512 753
4511 752
4510 752
4509 751
4508 751
4507 750
4506 750
4505 749
4504 749
4503 748
4502 748
4501 747
4500 747
4499 746
4498 746
4497 745
4496 745
4495 744
4494 744
4493 743
4492 743
4491 742
4490 742
4489 741
4488 741
4487 740
4486 740
4485 739
4484 739
4483 738
4482 738
4481 737
4480 737
4479 736
4478 736
4477 735
4476 735
4475 734
4474 734
4473 733
4472 733
4471 732
4470 732
4469 731
4468 731
4467 730
4466 730
4465 729
4464 729
4463 728
4462 728
4461 727
4460 727
4459 727
4458 726
4457 726
4456 725
4455 725
4454 724
4453 724
4452 723
4451 723
4450 722
4449 722
4448 721
4447 721
4446 720
4445 720
4444 719
4443 719
4442 718
4441 718
4440 717
4439 717
4438 716
4437 716
4436 715
4435 715
4434 714
4433 714
4432 713
4431 713
4430 712
4429 712
4428 711
4427 711
4426 710
4425 710
4424 710
4423 709
4422 709
4421 708
4420 708
4419 707
4418 707
4417 706
4416 706
4415 705
4414 705
4413 704
4412 704
4411 703
4410 703
4409 702
4408 702
4407 701
4406 701
4405 700
4404 700
4403 699
4402 699
4401 698
4400 698
4399 698
4398 697
4397 697
4396 696
4395 696
4394 695
4393 695
4392 694
4391 694
4390 693
4389 693
4388 692
4387 692
4386 691
4385 691
4384 690
4383 690
4382 689
4381 689
4380 689
4379 688
4378 688
4377 687
4376 687
4375 686
4374 686
4373 685
4372 685
4371 684
4370 684
4369 683
4368 683
4367 682
4366 682
4365 681
4364 681
4363 681
4362 680
4361 680
4360 679
4359 679
4358 678
4357 678
4356 677
4355 677
4354 676
4353 676
4352 675
4351 675
4350 674
4349 674
4348 674
4347 673
4346 673
4345 672
4344 672
4343 671
4342 671
4341 670
4340 670
4339 669
4338 669
4337 668
4336 668
4335 668
4334 667
4333 667
4332 666
4331 666
4330 665
4329 665
4328 664
4327 664
4326 663
4325 663
4324 662
4323 662
4322 662
4321 661
4320 661
4319 660
4318 660
4317 659
4316 659
4315 658
4314 658
4313 657
4312 657
4311 656
4310 656
4309 656
4308 655
4307 655
4306 654
4305 654
4304 653
4303 653
4302 652
4301 652
4300 651
4299 651
4298 651
4297 650
4296 650
4295 649
4294 649
4293 648
4292 648
4291 647
4290 647
4289 646
4288 646
4287 646
4286 645
4285 645
4284 644
4283 644
4282 643
4281 643
4280 642
4279 642
4278 641
4277 641
4276 641
4275 640
4274 640
4273 639
4272 639
4271 638
4270 638
4269 637
4268 637
4267 637
4266 636
4265 636
4264 635
4263 635
4262 634
4261 634
4260 633
4259 633
4258 633
4257 632
4256 632
4255 631
4254 631
4253 630
4252 630
4251 629
4250 629
4249 629
4248 628
4247 628
4246 627
4245 627
4244 626
4243 626
4242 625
4241 625
4240 625
4239 624
4238 624
4237 623
4236 623
4235 622
4234 622
4233 621
4232 621
4231 621
4230 620
4229 620
4228 619
4227 619
4226 618
4225 618
4224 617
4223 617
4222 617
4221 616
4220 616
4219 615
4218 615
4217 614
4216 614
4215 614
4214 613
4213 613
4212 612
4211 612
4210 611
4209 611
4208 610
4207 610
4206 610
4205 609
4204 609
4203 608
4202 608
4201 607
4200 607
4199 607
4198 606
4197 606
4196 605
4195 605
4194 604
4193 604
4192 604
4191 603
4190 603
4189 602
4188 602
4187 601
4186 601
4185 601
4184 600
4183 600
4182 599
4181 599
4180 598
4179 598
4178 597
4177 597
4176 597
4175 596
4174 596
4173 595
4172 595
4171 594
4170 594
4169 594
4168 593
4167 593
4166 592
4165 592
4164 591
4163 591
4162 591
4161 590
4160 590
4159 589
4158 589
4157 589
4156 588
4155 588
4154 587
4153 587
4152 586
4151 586
4150 586
4149 585
4148 585
4147 584
4146 584
4145 583
4144 583
4143 583
4142 582
4141 582
4140 581
4139 581
4138 580
4137 580
4136 580
4135 579
4134 579
4133 578
4132 578
4131 578
4130 577
4129 577
4128 576
4127 576
4126 575
4125 575
4124 575
4123 574
4122 574
4121 573
4120 573
4119 573
4118 572
4117 572
4116 571
4115 571
4114 570
4113 570
4112 570
4111 569
4110 569
4109 568
4108 568
4107 568
4106 567
4105 567
4104 566
4103 566
4102 565
4101 565
4100 565
4099 564
4098 564
4097 563
4096 563
4095 563
4094 562
4093 562
4092 561
4091 561
4090 560
4089 560
4088 560
4087 559
4086 559
4085 558
4084 558
4083 558
4082 557
4081 557
4080 556
4079 556
4078 556
4077 555
4076 555
4075 554
4074 554
4073 554
4072 553
4071 553
4070 552
4069 552
4068 551
4067 551
4066 551
4065 550
4064 550
4063 549
4062 549
4061 549
4060 548
4059 548
4058 547
4057 547
4056 547
4055 546
4054 546
4053 545
4052 545
4051 545
4050 544
4049 544
4048 543
4047 543
4046 543
4045 542
4044 542
4043 541
4042 541
4041 541
4040 540
4039 540
4038 539
4037 539
4036 539
4035 538
4034 538
4033 537
4032 537
4031 537
4030 536
4029 536
4028 535
4027 535
4026 535
4025 534
4024 534
4023 533
4022 533
4021 533
4020 532
4019 532
4018 531
4017 531
4016 531
4015 530
4014 530
4013 529
4012 529
4011 529
4010 528
4009 528
4008 527
4007 527
4006 527
4005 526
4004 526
4003 525
4002 525
4001 525
4000 524
3999 524
3998 523
3997 523
3996 523
3995 522
3994 522
3993 521
3992 521
3991 521
3990 520
3989 520
3988 520
3987 519
3986 519
3985 518
3984 518
3983 518
3982 517
3981 517
3980 516
3979 516
3978 516
3977 515
3976 515
3975 514
3974 514
3973 514
3972 513
3971 513
3970 513
3969 512
3968 512
3967 511
3966 511
3965 511
3964 510
3963 510
3962 509
3961 509
3960 509
3959 508
3958 508
3957 507
3956 507
3955 507
3954 506
3953 506
3952 506
3951 505
3950 505
3949 504
3948 504
3947 504
3946 503
3945 503
3944 502
3943 502
3942 502
3941 501
3940 501
3939 501
3938 500
3937 500
3936 499
3935 499
3934 499
3933 498
3932 498
3931 498
3930 497
3929 497
3928 496
3927 496
3926 496
3925 495
3924 495
3923 494
3922 494
3921 494
3920 493
3919 493
3918 493
3917 492
3916 492
3915 491
3914 491
3913 491
3912 490
3911 490
3910 490
3909 489
3908 489
3907 488
3906 488
3905 488
3904 487
3903 487
3902 487
3901 486
3900 486
3899 485
3898 485
3897 485
3896 484
3895 484
3894 484
3893 483
3892 483
3891 482
3890 482
3889 482
3888 481
3887 481
3886 481
3885 480
3884 480
3883 480
3882 479
3881 479
3880 478
3879 478
3878 478
3877 477
3876 477
3875 477
3874 476
3873 476
3872 475
3871 475
3870 475
3869 474
3868 474
3867 474
3866 473
3865 473
3864 472
3863 472
3862 472
3861 471
3860 471
3859 471
3858 470
3857 470
3856 470
3855 469
3854 469
3853 468
3852 468
3851 468
3850 467
3849 467
3848 467
3847 466
3846 466
3845 466
3844 465
3843 465
3842 464
3841 464
3840 464
3839 463
3838 463
3837 463
3836 462
3835 462
3834 462
3833 461
3832 461
3831 460
3830 460
3829 460
3828 459
3827 459
3826 459
3825 458
3824 458
3823 458
3822 457
3821 457
3820 457
3819 456
3818 456
3817 455
3816 455
3815 455
3814 454
3813 454
3812 454
3811 453
3810 453
3809 453
3808 452
3807 452
3806 451
3805 451
3804 451
3803 450
3802 450
3801 450
3800 449
3799 449
3798 449
3797 448
3796 448
3795 448
3794 447
3793 447
3792 447
3791 446
3790 446
3789 445
3788 445
3787 445
3786 444
3785 444
3784 444
3783 443
3782 443
3781 443
3780 442
3779 442
3778 442
3777 441
3776 441
3775 441
3774 440
3773 440
3772 439
3771 439
3770 439
3769 438
3768 438
3767 438
3766 437
3765 437
3764 437
3763 436
3762 436
3761 436
3760 435
3759 435
3758 435
3757 434
3756 434
3755 434
3754 433
3753 433
3752 433
3751 432
3750 432
3749 431
3748 431
3747 431
3746 430
3745 430
3744 430
3743 429
3742 429
3741 429
3740 428
3739 428
3738 428
3737 427
3736 427
3735 427
3734 426
3733 426
3732 426
3731 425
3730 425
3729 425
3728 424
3727 424
3726 424
3725 423
3724 423
3723 423
3722 422
3721 422
3720 422
3719 421
3718 421
3717 421
3716 420
3715 420
3714 419
3713 419
3712 419
3711 418
3710 418
3709 418
3708 417
3707 417
3706 417
3705 416
3704 416
3703 416
3702 415
3701 415
3700 415
3699 414
3698 414
3697 414
3696 413
3695 413
3694 413
3693 412
3692 412
3691 412
3690 411
3689 411
3688 411
3687 410
3686 410
3685 410
3684 409
3683 409
3682 409
3681 408
3680 408
3679 408
3678 407
3677 407
3676 407
3675 406
3674 406
3673 406
3672 405
3671 405
3670 405
3669 404
3668 404
3667 404
3666 403
3665 403
3664 403
3663 402
3662 402
3661 402
3660 401
3659 401
3658 401
3657 400
3656 400
3655 400
3654 399
3653 399
3652 399
3651 398
3650 398
3649 398
3648 397
3647 397
3646 397
3645 397
3644 396
3643 396
3642 396
3641 395
3640 395
3639 395
3638 394
3637 394
3636 394
3635 393
3634 393
3633 393
3632 392
3631 392
3630 392
3629 391
3628 391
3627 391
3626 390
3625 390
3624 390
3623 389
3622 389
3621 389
3620 388
3619 388
3618 388
3617 387
3616 387
3615 387
3614 386
3613 386
3612 386
3611 385
3610 385
3609 385
3608 385
3607 384
3606 384
3605 384
3604 383
3603 383
3602 383
3601 382
3600 382
3599 382
3598 381
3597 381
3596 381
3595 380
3594 380
3593 380
3592 379
3591 379
3590 379
3589 378
3588 378
3587 378
3586 378
3585 377
3584 377
3583 377
3582 376
3581 376
3580 376
3579 375
3578 375
3577 375
3576 374
3575 374
3574 374
3573 373
3572 373
3571 373
3570 372
3569 372
3568 372
3567 372
3566 371
3565 371
3564 371
3563 370
3562 370
3561 370
3560 369
3559 369
3558 369
3557 368
3556 368
3555 368
3554 367
3553 367
3552 367
3551 367
3550 366
3549 366
3548 366
3547 365
3546 365
3545 365
3544 364
3543 364
3542 364
3541 363
3540 363
3539 363
3538 363
3537 362
3536 362
3535 362
3534 361
3533 361
3532 361
3531 360
3530 360
3529 360
3528 359
3527 359
3526 359
3525 359
3524 358
3523 358
3522 358
3521 357
3520 357
3519 357
3518 356
3517 356
3516 356
3515 355
3514 355
3513 355
3512 355
3511 354
3510 354
3509 354
3508 353
3507 353
3506 353
3505 352
3504 352
3503 352
3502 352
3501 351
3500 351
3499 351
3498 350
3497 350
3496 350
3495 349
3494 349
3493 349
3492 349
3491 348
3490 348
3489 348
3488 347
3487 347
3486 347
3485 346
3484 346
3483 346
3482 346
3481 345
3480 345
3479 345
3478 344
3477 344
3476 344
3475 343
3474 343
3473 343
3472 343
3471 342
3470 342
3469 342
3468 341
3467 341
3466 341
3465 341
3464 340
3463 340
3462 340
3461 339
3460 339
3459 339
3458 338
3457 338
3456 338
3455 338
3454 337
3453 337
3452 337
3451 336
3450 336
3449 336
3448 336
3447 335
3446 335
3445 335
3444 334
3443 334
3442 334
3441 333
3440 333
3439 333
3438 333
3437 332
3436 332
3435 332
3434 331
3433 331
3432 331
3431 331
3430 330
3429 330
3428 330
3427 329
3426 329
3425 329
3424 329
3423 328
3422 328
3421 328
3420 327
3419 327
3418 327
3417 327
3416 326
3415 326
3414 326
3413 325
3412 325
3411 325
3410 325
3409 324
3408 324
3407 324
3406 323
3405 323
3404 323
3403 323
3402 322
3401 322
3400 322
3399 321
3398 321
3397 321
3396 321
3395 320
3394 320
3393 320
3392 319
3391 319
3390 319
3389 319
3388 318
3387 318
3386 318
3385 317
3384 317
3383 317
3382 317
3381 316
3380 316
3379 316
3378 315
3377 315
3376 315
3375 315
3374 314
3373 314
3372 314
3371 313
3370 313
3369 313
3368 313
3367 312
3366 312
3365 312
3364 312
3363 311
3362 311
3361 311
3360 310
3359 310
3358 310
3357 310
3356 309
3355 309
3354 309
3353 308
3352 308
3351 308
3350 308
3349 307
3348 307
3347 307
3346 307
3345 306
3344 306
3343 306
3342 305
3341 305
3340 305
3339 305
3338 304
3337 304
3336 304
3335 304
3334 303
3333 303
3332 303
3331 302
3330 302
3329 302
3328 302
3327 301
3326 301
3325 301
3324 301
3323 300
3322 300
3321 300
3320 299
3319 299
3318 299
3317 299
3316 298
3315 298
3314 298
3313 298
3312 297
3311 297
3310 297
3309 296
3308 296
3307 296
3306 296
3305 295
3304 295
3303 295
3302 295
3301 294
3300 294
3299 294
3298 294
3297 293
3296 293
3295 293
3294 292
3293 292
3292 292
3291 292
3290 291
3289 291
3288 291
3287 291
3286 290
3285 290
3284 290
3283 290
3282 289
3281 289
3280 289
3279 288
3278 288
3277 288
3276 288
3275 287
3274 287
3273 287
3272 287
3271 286
3270 286
3269 286
3268 286
3267 285
3266 285
3265 285
3264 285
3263 284
3262 284
3261 284
3260 283
3259 283
3258 283
3257 283
3256 282
3255 282
3254 282
3253 282
3252 281
3251 281
3250 281
3249 281
3248 280
3247 280
3246 280
3245 280
3244 279
3243 279
3242 279
3241 279
3240 278
3239 278
3238 278
3237 277
3236 277
3235 277
3234 277
3233 276
3232 276
3231 276
3230 276
3229 275
3228 275
3227 275
3226 275
3225 274
3224 274
3223 274
3222 274
3221 273
3220 273
3219 273
3218 273
3217 272
3216 272
3215 272
3214 272
3213 271
3212 271
3211 271
3210 271
3209 270
3208 270
3207 270
3206 270
3205 269
3204 269
3203 269
3202 269
3201 268
3200 268
3199 268
3198 268
3197 267
3196 267
3195 267
3194 267
3193 266
3192 266
3191 266
3190 266
3189 265
3188 265
3187 265
3186 265
3185 264
3184 264
3183 264
3182 264
3181 263
3180 263
3179 263
3178 263
3177 262
3176 262
3175 262
3174 262
3173 261
3172 261
3171 261
3170 261
3169 260
3168 260
3167 260
3166 260
3165 259
3164 259
3163 259
3162 259
3161 258
3160 258
3159 258
3158 258
3157 257
3156 257
3155 257
3154 257
3153 256
3152 256
3151 256
3150 256
3149 255
3148 255
3147 255
3146 255
3145 254
3144 254
3143 254
3142 254
3141 253
3140 253
3139 253
3138 253
3137 253
3136 252
3135 252
3134 252
3133 252
3132 251
3131 251
3130 251
3129 251
3128 250
3127 250
3126 250
3125 250
3124 249
3123 249
3122 249
3121 249
3120 248
3119 248
3118 248
3117 248
3116 247
3115 247
3114 247
3113 247
3112 246
3111 246
3110 246
3109 246
3108 246
3107 245
3106 245
3105 245
3104 245
3103 244
3102 244
3101 244
3100 244
3099 243
3098 243
3097 243
3096 243
3095 242
3094 242
3093 242
3092 242
3091 242
3090 241
3089 241
3088 241
3087 241
3086 240
3085 240
3084 240
3083 240
3082 239
3081 239
3080 239
3079 239
3078 238
3077 238
3076 238
3075 238
3074 238
3073 237
3072 237
3071 237
3070 237
3069 236
3068 236
3067 236
3066 236
3065 235
3064 235
3063 235
3062 235
3061 235
3060 234
3059 234
3058 234
3057 234
3056 233
3055 233
3054 233
3053 233
3052 232
3051 232
3050 232
3049 232
3048 232
3047 231
3046 231
3045 231
3044 231
3043 230
3042 230
3041 230
3040 230
3039 230
3038 229
3037 229
3036 229
3035 229
3034 228
3033 228
3032 228
3031 228
3030 227
3029 227
3028 227
3027 227
3026 227
3025 226
3024 226
3023 226
3022 226
3021 225
3020 225
3019 225
3018 225
3017 225
3016 224
3015 224
3014 224
3013 224
3012 223
3011 223
3010 223
3009 223
3008 223
3007 222
3006 222
3005 222
3004 222
3003 221
3002 221
3001 221
3000 221
2999 221
2998 220
2997 220
2996 220
2995 220
2994 219
2993 219
2992 219
2991 219
2990 219
2989 218
2988 218
2987 218
2986 218
2985 217
2984 217
2983 217
2982 217
2981 217
2980 216
2979 216
2978 216
2977 216
2976 215
2975 215
2974 215
2973 215
2972 215
2971 214
2970 214
2969 214
2968 214
2967 214
2966 213
2965 213
2964 213
2963 213
2962 212
2961 212
2960 212
2959 212
2958 212
2957 211
2956 211
2955 211
2954 211
2953 211
2952 210
2951 210
2950 210
2949 210
2948 209
2947 209
2946 209
2945 209
2944 209
2943 208
2942 208
2941 208
2940 208
2939 208
2938 207
2937 207
2936 207
2935 207
2934 206
2933 206
2932 206
2931 206
2930 206
2929 205
2928 205
2927 205
2926 205
2925 205
2924 204
2923 204
2922 204
2921 204
2920 204
2919 203
2918 203
2917 203
2916 203
2915 202
2914 202
2913 202
2912 202
2911 202
2910 201
2909 201
2908 201
2907 201
2906 201
2905 200
2904 200
2903 200
2902 200
2901 200
2900 199
2899 199
2898 199
2897 199
2896 199
2895 198
2894 198
2893 198
2892 198
2891 197
2890 197
2889 197
2888 197
2887 197
2886 196
2885 196
2884 196
2883 196
2882 196
2881 195
2880 195
2879 195
2878 195
2877 195
2876 194
2875 194
2874 194
2873 194
2872 194
2871 193
2870 193
2869 193
2868 193
2867 193
2866 192
2865 192
2864 192
2863 192
2862 192
2861 191
2860 191
2859 191
2858 191
2857 191
2856 190
2855 190
2854 190
2853 190
2852 190
2851 189
2850 189
2849 189
2848 189
2847 189
2846 188
2845 188
2844 188
2843 188
2842 188
2841 187
2840 187
2839 187
2838 187
2837 187
2836 186
2835 186
2834 186
2833 186
2832 186
2831 185
2830 185
2829 185
2828 185
2827 185
2826 184
2825 184
2824 184
2823 184
2822 184
2821 183
2820 183
2819 183
2818 183
2817 183
2816 182
2815 182
2814 182
2813 182
2812 182
2811 181
2810 181
2809 181
2808 181
2807 181
2806 181
2805 180
2804 180
2803 180
2802 180
2801 180
2800 179
2799 179
2798 179
2797 179
2796 179
2795 178
2794 178
2793 178
2792 178
2791 178
2790 177
2789 177
2788 177
2787 177
2786 177
2785 176
2784 176
2783 176
2782 176
2781 176
2780 176
2779 175
2778 175
2777 175
2776 175
2775 175
2774 174
2773 174
2772 174
2771 174
2770 174
2769 173
2768 173
2767 173
2766 173
2765 173
2764 173
2763 172
2762 172
2761 172
2760 172
2759 172
2758 171
2757 171
2756 171
2755 171
2754 171
2753 170
2752 170
2751 170
2750 170
2749 170
2748 170
2747 169
2746 169
2745 169
2744 169
2743 169
2742 168
2741 168
2740 168
2739 168
2738 168
2737 167
2736 167
2735 167
2734 167
2733 167
2732 167
2731 166
2730 166
2729 166
2728 166
2727 166
2726 165
2725 165
2724 165
2723 165
2722 165
2721 165
2720 164
2719 164
2718 164
2717 164
2716 164
2715 163
2714 163
2713 163
2712 163
2711 163
2710 163
2709 162
2708 162
2707 162
2706 162
2705 162
2704 161
2703 161
2702 161
2701 161
2700 161
2699 161
2698 160
2697 160
2696 160
2695 160
2694 160
2693 160
2692 159
2691 159
2690 159
2689 159
2688 159
2687 158
2686 158
2685 158
2684 158
2683 158
2682 158
2681 157
2680 157
2679 157
2678 157
2677 157
2676 156
2675 156
2674 156
2673 156
2672 156
2671 156
2670 155
2669 155
2668 155
2667 155
2666 155
2665 155
2664 154
2663 154
2662 154
2661 154
2660 154
2659 154
2658 153
2657 153
2656 153
2655 153
2654 153
2653 152
2652 152
2651 152
2650 152
2649 152
2648 152
2647 151
2646 151
2645 151
2644 151
2643 151
2642 151
2641 150
2640 150
2639 150
2638 150
2637 150
2636 150
2635 149
2634 149
2633 149
2632 149
2631 149
2630 149
2629 148
2628 148
2627 148
2626 148
2625 148
2624 148
2623 147
2622 147
2621 147
2620 147
2619 147
2618 147
2617 146
2616 146
2615 146
2614 146
2613 146
2612 145
2611 145
2610 145
2609 145
2608 145
2607 145
2606 144
2605 144
2604 144
2603 144
2602 144
2601 144
2600 143
2599 143
2598 143
2597 143
2596 143
2595 143
2594 142
2593 142
2592 142
2591 142
2590 142
2589 142
2588 142
2587 141
2586 141
2585 141
2584 141
2583 141
2582 141
2581 140
2580 140
2579 140
2578 140
2577 140
2576 140
2575 139
2574 139
2573 139
2572 139
2571 139
2570 139
2569 138
2568 138
2567 138
2566 138
2565 138
2564 138
2563 137
2562 137
2561 137
2560 137
2559 137
2558 137
2557 136
2556 136
2555 136
2554 136
2553 136
2552 136
2551 135
2550 135
2549 135
2548 135
2547 135
2546 135
2545 135
2544 134
2543 134
2542 134
2541 134
2540 134
2539 134
2538 133
2537 133
2536 133
2535 133
2534 133
2533 133
2532 132
2531 132
2530 132
2529 132
2528 132
2527 132
2526 132
2525 131
2524 131
2523 131
2522 131
2521 131
2520 131
2519 130
2518 130
2517 130
2516 130
2515 130
2514 130
2513 130
2512 129
2511 129
2510 129
2509 129
2508 129
2507 129
2506 128
2505 128
2504 128
2503 128
2502 128
2501 128
2500 127
2499 127
2498 127
2497 127
2496 127
2495 127
2494 127
2493 126
2492 126
2491 126
2490 126
2489 126
2488 126
2487 126
2486 125
2485 125
2484 125
2483 125
2482 125
2481 125
2480 124
2479 124
2478 124
2477 124
2476 124
2475 124
2474 124
2473 123
2472 123
2471 123
2470 123
2469 123
2468 123
2467 122
2466 122
2465 122
2464 122
2463 122
2462 122
2461 122
2460 121
2459 121
2458 121
2457 121
2456 121
2455 121
2454 121
2453 120
2452 120
2451 120
2450 120
2449 120
2448 120
2447 120
2446 119
2445 119
2444 119
2443 119
2442 119
2441 119
2440 118
2439 118
2438 118
2437 118
2436 118
2435 118
2434 118
2433 117
2432 117
2431 117
2430 117
2429 117
2428 117
2427 117
2426 116
2425 116
2424 116
2423 116
2422 116
2421 116
2420 116
2419 115
2418 115
2417 115
2416 115
2415 115
2414 115
2413 115
2412 114
2411 114
2410 114
2409 114
2408 114
2407 114
2406 114
2405 113
2404 113
2403 113
2402 113
2401 113
2400 113
2399 113
2398 112
2397 112
2396 112
2395 112
2394 112
2393 112
2392 112
2391 111
2390 111
2389 111
2388 111
2387 111
2386 111
2385 111
2384 110
2383 110
2382 110
2381 110
2380 110
2379 110
2378 110
2377 110
2376 109
2375 109
2374 109
2373 109
2372 109
2371 109
2370 109
2369 108
2368 108
2367 108
2366 108
2365 108
2364 108
2363 108
2362 107
2361 107
2360 107
2359 107
2358 107
2357 107
2356 107
2355 106
2354 106
2353 106
2352 106
2351 106
2350 106
2349 106
2348 106
2347 105
2346 105
2345 105
2344 105
2343 105
2342 105
2341 105
2340 104
2339 104
2338 104
2337 104
2336 104
2335 104
2334 104
2333 104
2332 103
2331 103
2330 103
2329 103
2328 103
2327 103
2326 103
2325 102
2324 102
2323 102
2322 102
2321 102
2320 102
2319 102
2318 102
2317 101
2316 101
2315 101
2314 101
2313 101
2312 101
2311 101
2310 100
2309 100
2308 100
2307 100
2306 100
2305 100
2304 100
2303 100
2302 99
2301 99
2300 99
2299 99
2298 99
2297 99
2296 99
2295 98
2294 98
2293 98
2292 98
2291 98
2290 98
2289 98
2288 98
2287 97
2286 97
2285 97
2284 97
2283 97
2282 97
2281 97
2280 97
2279 96
2278 96
2277 96
2276 96
2275 96
2274 96
2273 96
2272 96
2271 95
2270 95
2269 95
2268 95
2267 95
2266 95
2265 95
2264 95
2263 94
2262 94
2261 94
2260 94
2259 94
2258 94
2257 94
2256 94
2255 93
2254 93
2253 93
2252 93
2251 93
2250 93
2249 93
2248 93
2247 92
2246 92
2245 92
2244 92
2243 92
2242 92
2241 92
2240 92
2239 91
2238 91
2237 91
2236 91
2235 91
2234 91
2233 91
2232 91
2231 90
2230 90
2229 90
2228 90
2227 90
2226 90
2225 90
2224 90
2223 89
2222 89
2221 89
2220 89
2219 89
2218 89
2217 89
2216 89
2215 88
2214 88
2213 88
2212 88
2211 88
2210 88
2209 88
2208 88
2207 88
2206 87
2205 87
2204 87
2203 87
2202 87
2201 87
2200 87
2199 87
2198 86
2197 86
2196 86
2195 86
2194 86
2193 86
2192 86
2191 86
2190 86
2189 85
2188 85
2187 85
2186 85
2185 85
2184 85
2183 85
2182 85
2181 84
2180 84
2179 84
2178 84
2177 84
2176 84
2175 84
2174 84
2173 84
2172 83
2171 83
2170 83
2169 83
2168 83
2167 83
2166 83
2165 83
2164 82
2163 82
2162 82
2161 82
2160 82
2159 82
2158 82
2157 82
2156 82
2155 81
2154 81
2153 81
2152 81
2151 81
2150 81
2149 81
2148 81
2147 81
2146 80
2145 80
2144 80
2143 80
2142 80
2141 80
2140 80
2139 80
2138 80
2137 79
2136 79
2135 79
2134 79
2133 79
2132 79
2131 79
2130 79
2129 79
2128 78
2127 78
2126 78
2125 78
2124 78
2123 78
2122 78
2121 78
2120 78
2119 77
2118 77
2117 77
2116 77
2115 77
2114 77
2113 77
2112 77
2111 77
2110 76
2109 76
2108 76
2107 76
2106 76
2105 76
2104 76
2103 76
2102 76
2101 75
2100 75
2099 75
2098 75
2097 75
2096 75
2095 75
2094 75
2093 75
2092 74
2091 74
2090 74
2089 74
2088 74
2087 74
2086 74
2085 74
2084 74
2083 73
2082 73
2081 73
2080 73
2079 73
2078 73
2077 73
2076 73
2075 73
2074 73
2073 72
2072 72
2071 72
2070 72
2069 72
2068 72
2067 72
2066 72
2065 72
2064 71
2063 71
2062 71
2061 71
2060 71
2059 71
2058 71
2057 71
2056 71
2055 71
2054 70
2053 70
2052 70
2051 70
2050 70
2049 70
2048 70
2047 70
2046 70
2045 70
2044 69
2043 69
2042 69
2041 69
2040 69
2039 69
2038 69
2037 69
2036 69
2035 68
2034 68
2033 68
2032 68
2031 68
2030 68
2029 68
2028 68
2027 68
2026 68
2025 67
2024 67
2023 67
2022 67
2021 67
2020 67
2019 67
2018 67
2017 67
2016 67
2015 66
2014 66
2013 66
2012 66
2011 66
2010 66
2009 66
2008 66
2007 66
2006 66
2005 65
2004 65
2003 65
2002 65
2001 65
2000 65
1999 65
1998 65
1997 65
1996 65
1995 65
1994 64
1993 64
1992 64
1991 64
1990 64
1989 64
1988 64
1987 64
1986 64
1985 64
1984 63
1983 63
1982 63
1981 63
1980 63
1979 63
1978 63
1977 63
1976 63
1975 63
1974 62
1973 62
1972 62
1971 62
1970 62
1969 62
1968 62
1967 62
1966 62
1965 62
1964 62
1963 61
1962 61
1961 61
1960 61
1959 61
1958 61
1957 61
1956 61
1955 61
1954 61
1953 60
1952 60
1951 60
1950 60
1949 60
1948 60
1947 60
1946 60
1945 60
1944 60
1943 60
1942 59
1941 59
1940 59
1939 59
1938 59
1937 59
1936 59
1935 59
1934 59
1933 59
1932 59
1931 58
1930 58
1929 58
1928 58
1927 58
1926 58
1925 58
1924 58
1923 58
1922 58
1921 58
1920 57
1919 57
1918 57
1917 57
1916 57
1915 57
1914 57
1913 57
1912 57
1911 57
1910 57
1909 56
1908 56
1907 56
1906 56
1905 56
1904 56
1903 56
1902 56
1901 56
1900 56
1899 56
1898 55
1897 55
1896 55
1895 55
1894 55
1893 55
1892 55
1891 55
1890 55
1889 55
1888 55
1887 54
1886 54
1885 54
1884 54
1883 54
1882 54
1881 54
1880 54
1879 54
1878 54
1877 54
1876 54
1875 53
1874 53
1873 53
1872 53
1871 53
1870 53
1869 53
1868 53
1867 53
1866 53
1865 53
1864 53
1863 52
1862 52
1861 52
1860 52
1859 52
1858 52
1857 52
1856 52
1855 52
1854 52
1853 52
1852 51
1851 51
1850 51
1849 51
1848 51
1847 51
1846 51
1845 51
1844 51
1843 51
1842 51
1841 51
1840 50
1839 50
1838 50
1837 50
1836 50
1835 50
1834 50
1833 50
1832 50
1831 50
1830 50
1829 50
1828 49
1827 49
1826 49
1825 49
1824 49
1823 49
1822 49
1821 49
1820 49
1819 49
1818 49
1817 49
1816 49
1815 48
1814 48
1813 48
1812 48
1811 48
1810 48
1809 48
1808 48
1807 48
1806 48
1805 48
1804 48
1803 47
1802 47
1801 47
1800 47
1799 47
1798 47
1797 47
1796 47
1795 47
1794 47
1793 47
1792 47
1791 47
1790 46
1789 46
1788 46
1787 46
1786 46
1785 46
1784 46
1783 46
1782 46
1781 46
1780 46
1779 46
1778 45
1777 45
1776 45
1775 45
1774 45
1773 45
1772 45
1771 45
1770 45
1769 45
1768 45
1767 45
1766 45
1765 44
1764 44
1763 44
1762 44
1761 44
1760 44
1759 44
1758 44
1757 44
1756 44
1755 44
1754 44
1753 44
1752 44
1751 43
1750 43
1749 43
1748 43
1747 43
1746 43
1745 43
1744 43
1743 43
1742 43
1741 43
1740 43
1739 43
1738 42
1737 42
1736 42
1735 42
1734 42
1733 42
1732 42
1731 42
1730 42
1729 42
1728 42
1727 42
1726 42
1725 42
1724 41
1723 41
1722 41
1721 41
1720 41
1719 41
1718 41
1717 41
1716 41
1715 41
1714 41
1713 41
1712 41
1711 40
1710 40
1709 40
1708 40
1707 40
1706 40
1705 40
1704 40
1703 40
1702 40
1701 40
1700 40
1699 40
1698 40
1697 39
1696 39
1695 39
1694 39
1693 39
1692 39
1691 39
1690 39
1689 39
1688 39
1687 39
1686 39
1685 39
1684 39
1683 39
1682 38
1681 38
1680 38
1679 38
1678 38
1677 38
1676 38
1675 38
1674 38
1673 38
1672 38
1671 38
1670 38
1669 38
1668 37
1667 37
1666 37
1665 37
1664 37
1663 37
1662 37
1661 37
1660 37
1659 37
1658 37
1657 37
1656 37
1655 37
1654 37
1653 36
1652 36
1651 36
1650 36
1649 36
1648 36
1647 36
1646 36
1645 36
1644 36
1643 36
1642 36
1641 36
1640 36
1639 36
1638 35
1637 35
1636 35
1635 35
1634 35
1633 35
1632 35
1631 35
1630 35
1629 35
1628 35
1627 35
1626 35
1625 35
1624 35
1623 34
1622 34
1621 34
1620 34
1619 34
1618 34
1617 34
1616 34
1615 34
1614 34
1613 34
1612 34
1611 34
1610 34
1609 34
1608 34
1607 33
1606 33
1605 33
1604 33
1603 33
1602 33
1601 33
1600 33
1599 33
1598 33
1597 33
1596 33
1595 33
1594 33
1593 33
1592 33
1591 32
1590 32
1589 32
1588 32
1587 32
1586 32
1585 32
1584 32
1583 32
1582 32
1581 32
1580 32
1579 32
1578 32
1577 32
1576 32
1575 31
1574 31
1573 31
1572 31
1571 31
1570 31
1569 31
1568 31
1567 31
1566 31
1565 31
1564 31
1563 31
1562 31
1561 31
1560 31
1559 30
1558 30
1557 30
1556 30
1555 30
1554 30
1553 30
1552 30
1551 30
1550 30
1549 30
1548 30
1547 30
1546 30
1545 30
1544 30
1543 30
1542 29
1541 29
1540 29
1539 29
1538 29
1537 29
1536 29
1535 29
1534 29
1533 29
1532 29
1531 29
1530 29
1529 29
1528 29
1527 29
1526 29
1525 29
1524 28
1523 28
1522 28
1521 28
1520 28
1519 28
1518 28
1517 28
1516 28
1515 28
1514 28
1513 28
1512 28
1511 28
1510 28
1509 28
1508 28
1507 27
1506 27
1505 27
1504 27
1503 27
1502 27
1501 27
1500 27
1499 27
1498 27
1497 27
1496 27
1495 27
1494 27
1493 27
1492 27
1491 27
1490 27
1489 26
1488 26
1487 26
1486 26
1485 26
1484 26
1483 26
1482 26
1481 26
1480 26
1479 26
1478 26
1477 26
1476 26
1475 26
1474 26
1473 26
1472 26
1471 26
1470 25
1469 25
1468 25
1467 25
1466 25
1465 25
1464 25
1463 25
1462 25
1461 25
1460 25
1459 25
1458 25
1457 25
1456 25
1455 25
1454 25
1453 25
1452 25
1451 24
1450 24
1449 24
1448 24
1447 24
1446 24
1445 24
1444 24
1443 24
1442 24
1441 24
1440 24
1439 24
1438 24
1437 24
1436 24
1435 24
1434 24
1433 24
1432 24
1431 23
1430 23
1429 23
1428 23
1427 23
1426 23
1425 23
1424 23
1423 23
1422 23
1421 23
1420 23
1419 23
1418 23
1417 23
1416 23
1415 23
1414 23
1413 23
1412 23
1411 22
1410 22
1409 22
1408 22
1407 22
1406 22
1405 22
1404 22
1403 22
1402 22
1401 22
1400 22
1399 22
1398 22
1397 22
1396 22
1395 22
1394 22
1393 22
1392 22
1391 22
1390 21
1389 21
1388 21
1387 21
1386 21
1385 21
1384 21
1383 21
1382 21
1381 21
1380 21
1379 21
1378 21
1377 21
1376 21
1375 21
1374 21
1373 21
1372 21
1371 21
1370 21
1369 20
1368 20
1367 20
1366 20
1365 20
1364 20
1363 20
1362 20
1361 20
1360 20
1359 20
1358 20
1357 20
1356 20
1355 20
1354 20
1353 20
1352 20
1351 20
1350 20
1349 20
1348 20
1347 19
1346 19
1345 19
1344 19
1343 19
1342 19
1341 19
1340 19
1339 19
1338 19
1337 19
1336 19
1335 19
1334 19
1333 19
1332 19
1331 19
1330 19
1329 19
1328 19
1327 19
1326 19
1325 19
1324 18
1323 18
1322 18
1321 18
1320 18
1319 18
1318 18
1317 18
1316 18
1315 18
1314 18
1313 18
1312 18
1311 18
1310 18
1309 18
1308 18
1307 18
1306 18
1305 18
1304 18
1303 18
1302 18
1301 17
1300 17
1299 17
1298 17
1297 17
1296 17
1295 17
1294 17
1293 17
1292 17
1291 17
1290 17
1289 17
1288 17
1287 17
1286 17
1285 17
1284 17
1283 17
1282 17
1281 17
1280 17
1279 17
1278 17
1277 17
1276 16
1275 16
1274 16
1273 16
1272 16
1271 16
1270 16
1269 16
1268 16
1267 16
1266 16
1265 16
1264 16
1263 16
1262 16
1261 16
1260 16
1259 16
1258 16
1257 16
1256 16
1255 16
1254 16
1253 16
1252 16
1251 15
1250 15
1249 15
1248 15
1247 15
1246 15
1245 15
1244 15
1243 15
1242 15
1241 15
1240 15
1239 15
1238 15
1237 15
1236 15
1235 15
1234 15
1233 15
1232 15
1231 15
1230 15
1229 15
1228 15
1227 15
1226 15
1225 15
1224 14
1223 14
1222 14
1221 14
1220 14
1219 14
1218 14
1217 14
1216 14
1215 14
1214 14
1213 14
1212 14
1211 14
1210 14
1209 14
1208 14
1207 14
1206 14
1205 14
1204 14
1203 14
1202 14
1201 14
1200 14
1199 14
1198 14
1197 14
1196 13
1195 13
1194 13
1193 13
1192 13
1191 13
1190 13
1189 13
1188 13
1187 13
1186 13
1185 13
1184 13
1183 13
1182 13
1181 13
1180 13
1179 13
1178 13
1177 13
1176 13
1175 13
1174 13
1173 13
1172 13
1171 13
1170 13
1169 13
1168 13
1167 12
1166 12
1165 12
1164 12
1163 12
1162 12
1161 12
1160 12
1159 12
1158 12
1157 12
1156 12
1155 12
1154 12
1153 12
1152 12
1151 12
1150 12
1149 12
1148 12
1147 12
1146 12
1145 12
1144 12
1143 12
1142 12
1141 12
1140 12
1139 12
1138 12
1137 12
1136 11
1135 11
1134 11
1133 11
1132 11
1131 11
1130 11
1129 11
1128 11
1127 11
1126 11
1125 11
1124 11
1123 11
1122 11
1121 11
1120 11
1119 11
1118 11
1117 11
1116 11
1115 11
1114 11
1113 11
1112 11
1111 11
1110 11
1109 11
1108 11
1107 11
1106 11
1105 11
1104 10
1103 10
1102 10
1101 10
1100 10
1099 10
1098 10
1097 10
1096 10
1095 10
1094 10
1093 10
1092 10
1091 10
1090 10
1089 10
1088 10
1087 10
1086 10
1085 10
1084 10
1083 10
1082 10
1081 10
1080 10
1079 10
1078 10
1077 10
1076 10
1075 10
1074 10
1073 10
1072 10
1071 10
1070 10
1069 9
1068 9
1067 9
1066 9
1065 9
1064 9
1063 9
1062 9
1061 9
1060 9
1059 9
1058 9
1057 9
1056 9
1055 9
1054 9
1053 9
1052 9
1051 9
1050 9
1049 9
1048 9
1047 9
1046 9
1045 9
1044 9
1043 9
1042 9
1041 9
1040 9
1039 9
1038 9
1037 9
1036 9
1035 9
1034 9
1033 8
1032 8
1031 8
1030 8
1029 8
1028 8
1027 8
1026 8
1025 8
1024 8
1023 8
1022 8
1021 8
1020 8
1019 8
1018 8
1017 8
1016 8
1015 8
1014 8
1013 8
1012 8
1011 8
1010 8
1009 8
1008 8
1007 8
1006 8
1005 8
1004 8
1003 8
1002 8
1001 8
1000 8
999 8
998 8
997 8
996 8
995 8
994 8
993 7
992 7
991 7
990 7
989 7
988 7
987 7
986 7
985 7
984 7
983 7
982 7
981 7
980 7
979 7
978 7
977 7
976 7
975 7
974 7
973 7
972 7
971 7
970 7
969 7
968 7
967 7
966 7
965 7
964 7
963 7
962 7
961 7
960 7
959 7
958 7
957 7
956 7
955 7
954 7
953 7
952 7
951 7
950 6
949 6
948 6
947 6
946 6
945 6
944 6
943 6
942 6
941 6
940 6
939 6
938 6
937 6
936 6
935 6
934 6
933 6
932 6
931 6
930 6
929 6
928 6
927 6
926 6
925 6
924 6
923 6
922 6
921 6
920 6
919 6
918 6
917 6
916 6
915 6
914 6
913 6
912 6
911 6
910 6
909 6
908 6
907 6
906 6
905 6
904 6
903 6
902 5
901 5
900 5
899 5
898 5
897 5
896 5
895 5
894 5
893 5
892 5
891 5
890 5
889 5
888 5
887 5
886 5
885 5
884 5
883 5
882 5
881 5
880 5
879 5
878 5
877 5
876 5
875 5
874 5
873 5
872 5
871 5
870 5
869 5
868 5
867 5
866 5
865 5
864 5
863 5
862 5
861 5
860 5
859 5
858 5
857 5
856 5
855 5
854 5
853 5
852 5
851 5
850 5
849 4
848 4
847 4
846 4
845 4
844 4
843 4
842 4
841 4
840 4
839 4
838 4
837 4
836 4
835 4
834 4
833 4
832 4
831 4
830 4
829 4
828 4
827 4
826 4
825 4
824 4
823 4
822 4
821 4
820 4
819 4
818 4
817 4
816 4
815 4
814 4
813 4
812 4
811 4
810 4
809 4
808 4
807 4
806 4
805 4
804 4
803 4
802 4
801 4
800 4
799 4
798 4
797 4
796 4
795 4
794 4
793 4
792 4
791 4
790 4
789 4
788 3
787 3
786 3
785 3
784 3
783 3
782 3
781 3
780 3
779 3
778 3
777 3
776 3
775 3
774 3
773 3
772 3
771 3
770 3
769 3
768 3
767 3
766 3
765 3
764 3
763 3
762 3
761 3
760 3
759 3
758 3
757 3
756 3
755 3
754 3
753 3
752 3
751 3
750 3
749 3
748 3
747 3
746 3
745 3
744 3
743 3
742 3
741 3
740 3
739 3
738 3
737 3
736 3
735 3
734 3
733 3
732 3
731 3
730 3
729 3
728 3
727 3
726 3
725 3
724 3
723 3
722 3
721 3
720 3
719 3
718 3
717 3
716 2
715 2
714 2
713 2
712 2
711 2
710 2
709 2
708 2
707 2
706 2
705 2
704 2
703 2
702 2
701 2
700 2
699 2
698 2
697 2
696 2
695 2
694 2
693 2
692 2
691 2
690 2
689 2
688 2
687 2
686 2
685 2
684 2
683 2
682 2
681 2
680 2
679 2
678 2
677 2
676 2
675 2
674 2
673 2
672 2
671 2
670 2
669 2
668 2
667 2
666 2
665 2
664 2
663 2
662 2
661 2
660 2
659 2
658 2
657 2
656 2
655 2
654 2
653 2
652 2
651 2
650 2
649 2
648 2
647 2
646 2
645 2
644 2
643 2
642 2
641 2
640 2
639 2
638 2
637 2
636 2
635 2
634 2
633 2
632 2
631 2
630 2
629 2
628 2
627 2
626 1
625 1
624 1
623 1
622 1
621 1
620 1
619 1
618 1
617 1
616 1
615 1
614 1
613 1
612 1
611 1
610 1
609 1
608 1
607 1
606 1
605 1
604 1
603 1
602 1
601 1
600 1
599 1
598 1
597 1
596 1
595 1
594 1
593 1
592 1
591 1
590 1
589 1
588 1
587 1
586 1
585 1
584 1
583 1
582 1
581 1
580 1
579 1
578 1
577 1
576 1
575 1
574 1
573 1
572 1
571 1
570 1
569 1
568 1
567 1
566 1
565 1
564 1
563 1
562 1
561 1
560 1
559 1
558 1
557 1
556 1
555 1
554 1
553 1
552 1
551 1
550 1
549 1
548 1
547 1
546 1
545 1
544 1
543 1
542 1
541 1
540 1
539 1
538 1
537 1
536 1
535 1
534 1
533 1
532 1
531 1
530 1
529 1
528 1
527 1
526 1
525 1
524 1
523 1
522 1
521 1
520 1
519 1
518 1
517 1
516 1
515 1
514 1
513 1
512 1
511 1
510 1
509 1
508 1
507 1
506 1
505 1
504 1
503 1
502 1
501 1
500 1
499 1
498 1
497 0
496 0
495 0
494 0
493 0
492 0
491 0
490 0
489 0
488 0
487 0
486 0
485 0
484 0
483 0
482 0
481 0
480 0
479 0
478 0
477 0
476 0
475 0
474 0
473 0
472 0
471 0
470 0
469 0
468 0
467 0
466 0
465 0
464 0
463 0
462 0
461 0
460 0
459 0
458 0
457 0
456 0
455 0
454 0
453 0
452 0
451 0
450 0
449 0
448 0
447 0
446 0
445 0
444 0
443 0
442 0
441 0
440 0
439 0
438 0
437 0
436 0
435 0
434 0
433 0
432 0
431 0
430 0
429 0
428 0
427 0
426 0
425 0
424 0
423 0
422 0
421 0
420 0
419 0
418 0
417 0
416 0
415 0
414 0
413 0
412 0
411 0
410 0
409 0
408 0
407 0
406 0
405 0
404 0
403 0
402 0
401 0
400 0
399 0
398 0
397 0
396 0
395 0
394 0
393 0
392 0
391 0
390 0
389 0
388 0
387 0
386 0
385 0
384 0
383 0
382 0
381 0
380 0
379 0
378 0
377 0
376 0
375 0
374 0
373 0
372 0
371 0
370 0
369 0
368 0
367 0
366 0
365 0
364 0
363 0
362 0
361 0
360 0
359 0
358 0
357 0
356 0
355 0
354 0
353 0
352 0
351 0
350 0
349 0
348 0
347 0
346 0
345 0
344 0
343 0
342 0
341 0
340 0
339 0
338 0
337 0
336 0
335 0
334 0
333 0
332 0
331 0
330 0
329 0
328 0
327 0
326 0
325 0
324 0
323 0
322 0
321 0
320 0
319 0
318 0
317 0
316 0
315 0
314 0
313 0
312 0
311 0
310 0
309 0
308 0
307 0
306 0
305 0
304 0
303 0
302 0
301 0
300 0
299 0
298 0
297 0
296 0
295 0
294 0
293 0
292 0
291 0
290 0
289 0
288 0
287 0
286 0
285 0
284 0
283 0
282 0
281 0
280 0
279 0
278 0
277 0
276 0
275 0
274 0
273 0
272 0
271 0
270 0
269 0
268 0
267 0
266 0
265 0
264 0
263 0
262 0
261 0
260 0
259 0
258 0
257 0
256 0
255 0
254 0
253 0
252 0
251 0
250 0
249 0
248 0
247 0
246 0
245 0
244 0
243 0
242 0
241 0
240 0
239 0
238 0
237 0
236 0
235 0
234 0
233 0
232 0
231 0
230 0
229 0
228 0
227 0
226 0
225 0
224 0
223 0
222 0
221 0
220 0
219 0
218 0
217 0
216 0
215 0
214 0
213 0
212 0
211 0
210 0
209 0
208 0
207 0
206 0
205 0
204 0
203 0
202 0
201 0
200 0
199 0
198 0
197 0
196 0
195 0
194 0
193 0
192 0
191 0
190 0
189 0
188 0
187 0
186 0
185 0
184 0
183 0
182 0
181 0
180 0
179 0
178 0
177 0
176 0
175 0
174 0
173 0
172 0
171 0
170 0
169 0
168 0
167 0
166 0
165 0
164 0
163 0
162 0
161 0
160 0
159 0
158 0
157 0
156 0
155 0
154 0
153 0
152 0
151 0
150 0
149 0
148 0
147 0
146 0
145 0
144 0
143 0
142 0
141 0
140 0
139 0
138 0
137 0
136 0
135 0
134 0
133 0
132 0
131 0
130 0
129 0
128 0
127 0
126 0
125 0
124 0
123 0
122 0
121 0
120 0
119 0
118 0
117 0
116 0
115 0
114 0
113 0
112 0
111 0
110 0
109 0
108 0
107 0
106 0
105 0
104 0
103 0
102 0
101 0
100 0
99 0
98 0
97 0
96 0
95 0
94 0
93 0
92 0
91 0
90 0
89 0
88 0
87 0
86 0
85 0
84 0
83 0
82 0
81 0
80 0
79 0
78 0
77 0
76 0
75 0
74 0
73 0
72 0
71 0
70 0
69 0
68 0
67 0
66 0
65 0
64 0
63 0
62 0
61 0
60 0
59 0
58 0
57 0
56 0
55 0
54 0
53 0
52 0
51 0
50 0
49 0
48 0
47 0
46 0
45 0
44 0
43 0
42 0
41 0
40 0
39 0
38 0
37 0
36 0
35 0
34 0
33 0
32 0
31 0
30 0
29 0
28 0
27 0
26 0
25 0
24 0
23 0
22 0
21 0
20 0
19 0
18 0
17 0
16 0
15 0
14 0
13 0
12 0
11 0
10 0
9 0
8 0
7 0
6 0
5 0
4 0
3 0
2 0
1 0
