10000 2363
9999 2362
9998 2362
9997 2361
9996 2360
9995 2360
9994 2359
9993 2358
9992 2357
9991 2357
9990 2356
9989 2355
9988 2355
9987 2354
9986 2353
9985 2353
9984 2352
9983 2351
9982 2350
9981 2350
9980 2349
9979 2348
9978 2348
9977 2347
9976 2346
9975 2345
9974 2345
9973 2344
9972 2343
9971 2343
9970 2342
9969 2341
9968 2341
9967 2340
9966 2339
9965 2338
9964 2338
9963 2337
9962 2336
9961 2336
9960 2335
9959 2334
9958 2333
9957 2333
9956 2332
9955 2331
9954 2331
9953 2330
9952 2329
9951 2329
9950 2328
9949 2327
9948 2326
9947 2326
9946 2325
9945 2324
9944 2324
9943 2323
9942 2322
9941 2322
9940 2321
9939 2320
9938 2319
9937 2319
9936 2318
9935 2317
9934 2317
9933 2316
9932 2315
9931 2315
9930 2314
9929 2313
9928 2312
9927 2312
9926 2311
9925 2310
9924 2310
9923 2309
9922 2308
9921 2308
9920 2307
9919 2306
9918 2305
9917 2305
9916 2304
9915 2303
9914 2303
9913 2302
9912 2301
9911 2301
9910 2300
9909 2299
9908 2299
9907 2298
9906 2297
9905 2296
9904 2296
9903 2295
9902 2294
9901 2294
9900 2293
9899 2292
9898 2292
9897 2291
9896 2290
9895 2289
9894 2289
9893 2288
9892 2287
9891 2287
9890 2286
9889 2285
9888 2285
9887 2284
9886 2283
9885 2283
9884 2282
9883 2281
9882 2280
9881 2280
9880 2279
9879 2278
9878 2278
9877 2277
9876 2276
9875 2276
9874 2275
9873 2274
9872 2274
9871 2273
9870 2272
9869 2271
9868 2271
9867 2270
9866 2269
9865 2269
9864 2268
9863 2267
9862 2267
9861 2266
9860 2265
9859 2265
9858 2264
9857 2263
9856 2262
9855 2262
9854 2261
9853 2260
9852 2260
9851 2259
9850 2258
9849 2258
9848 2257
9847 2256
9846 2256
9845 2255
9844 2254
9843 2254
9842 2253
9841 2252
9840 2251
9839 2251
9838 2250
9837 2249
9836 2249
9835 2248
9834 2247
9833 2247
9832 2246
9831 2245
9830 2245
9829 2244
9828 2243
9827 2243
9826 2242
9825 2241
9824 2241
9823 2240
9822 2239
9821 2238
9820 2238
9819 2237
9818 2236
9817 2236
9816 2235
9815 2234
9814 2234
9813 2233
9812 2232
9811 2232
9810 2231
9809 2230
9808 2230
9807 2229
9806 2228
9805 2228
9804 2227
9803 2226
9802 2225
9801 2225
9800 2224
9799 2223
9798 2223
9797 2222
9796 2221
9795 2221
9794 2220
9793 2219
9792 2219
9791 2218
9790 2217
9789 2217
9788 2216
9787 2215
9786 2215
9785 2214
9784 2213
9783 2213
9782 2212
9781 2211
9780 2211
9779 2210
9778 2209
9777 2208
9776 2208
9775 2207
9774 2206
9773 2206
9772 2205
9771 2204
9770 2204
9769 2203
9768 2202
9767 2202
9766 2201
9765 2200
9764 2200
9763 2199
9762 2198
9761 2198
9760 2197
9759 2196
9758 2196
9757 2195
9756 2194
9755 2194
9754 2193
9753 2192
9752 2192
9751 2191
9750 2190
9749 2190
9748 2189
9747 2188
9746 2188
9745 2187
9744 2186
9743 2186
9742 2185
9741 2184
9740 2184
9739 2183
9738 2182
9737 2181
9736 2181
9735 2180
9734 2179
9733 2179
9732 2178
9731 2177
9730 2177
9729 2176
9728 2175
9727 2175
9726 2174
9725 2173
9724 2173
9723 2172
9722 2171
9721 2171
9720 2170
9719 2169
9718 2169
9717 2168
9716 2167
9715 2167
9714 2166
9713 2165
9712 2165
9711 2164
9710 2163
9709 2163
9708 2162
9707 2161
9706 2161
9705 2160
9704 2159
9703 2159
9702 2158
9701 2157
9700 2157
9699 2156
9698 2155
9697 2155
9696 2154
9695 2153
9694 2153
9693 2152
9692 2151
9691 2151
9690 2150
9689 2149
9688 2149
9687 2148
9686 2147
9685 2147
9684 2146
9683 2145
9682 2145
9681 2144
9680 2143
9679 2143
9678 2142
9677 2141
9676 2141
9675 2140
9674 2139
9673 2139
9672 2138
9671 2137
9670 2137
9669 2136
9668 2135
9667 2135
9666 2134
9665 2133
9664 2133
9663 2132
9662 2131
9661 2131
9660 2130
9659 2129
9658 2129
9657 2128
9656 2127
9655 2127
9654 2126
9653 2125
9652 2125
9651 2124
9650 2124
9649 2123
9648 2122
9647 2122
9646 2121
9645 2120
9644 2120
9643 2119
9642 2118
9641 2118
9640 2117
9639 2116
9638 2116
9637 2115
9636 2114
9635 2114
9634 2113
9633 2112
9632 2112
9631 2111
9630 2110
9629 2110
9628 2109
9627 2108
9626 2108
9625 2107
9624 2106
9623 2106
9622 2105
9621 2104
9620 2104
9619 2103
9618 2102
9617 2102
9616 2101
9615 2100
9614 2100
9613 2099
9612 2099
9611 2098
9610 2097
9609 2097
9608 2096
9607 2095
9606 2095
9605 2094
9604 2093
9603 2093
9602 2092
9601 2091
9600 2091
9599 2090
9598 2089
9597 2089
9596 2088
9595 2087
9594 2087
9593 2086
9592 2085
9591 2085
9590 2084
9589 2083
9588 2083
9587 2082
9586 2082
9585 2081
9584 2080
9583 2080
9582 2079
9581 2078
9580 2078
9579 2077
9578 2076
9577 2076
9576 2075
9575 2074
9574 2074
9573 2073
9572 2072
9571 2072
9570 2071
9569 2070
9568 2070
9567 2069
9566 2069
9565 2068
9564 2067
9563 2067
9562 2066
9561 2065
9560 2065
9559 2064
9558 2063
9557 2063
9556 2062
9555 2061
9554 2061
9553 2060
9552 2059
9551 2059
9550 2058
9549 2057
9548 2057
9547 2056
9546 2056
9545 2055
9544 2054
9543 2054
9542 2053
9541 2052
9540 2052
9539 2051
9538 2050
9537 2050
9536 2049
9535 2048
9534 2048
9533 2047
9532 2047
9531 2046
9530 2045
9529 2045
9528 2044
9527 2043
9526 2043
9525 2042
9524 2041
9523 2041
9522 2040
9521 2039
9520 2039
9519 2038
9518 2038
9517 2037
9516 2036
9515 2036
9514 2035
9513 2034
9512 2034
9511 2033
9510 2032
9509 2032
9508 2031
9507 2030
9506 2030
9505 2029
9504 2029
9503 2028
9502 2027
9501 2027
9500 2026
9499 2025
9498 2025
9497 2024
9496 2023
9495 2023
9494 2022
9493 2021
9492 2021
9491 2020
9490 2020
9489 2019
9488 2018
9487 2018
9486 2017
9485 2016
9484 2016
9483 2015
9482 2014
9481 2014
9480 2013
9479 2013
9478 2012
9477 2011
9476 2011
9475 2010
9474 2009
9473 2009
9472 2008
9471 2007
9470 2007
9469 2006
9468 2006
9467 2005
9466 2004
9465 2004
9464 2003
9463 2002
9462 2002
9461 2001
9460 2000
9459 2000
9458 1999
9457 1999
9456 1998
9455 1997
9454 1997
9453 1996
9452 1995
9451 1995
9450 1994
9449 1994
9448 1993
9447 1992
9446 1992
9445 1991
9444 1990
9443 1990
9442 1989
9441 1988
9440 1988
9439 1987
9438 1987
9437 1986
9436 1985
9435 1985
9434 1984
9433 1983
9432 1983
9431 1982
9430 1981
9429 1981
9428 1980
9427 1980
9426 1979
9425 1978
9424 1978
9423 1977
9422 1976
9421 1976
9420 1975
9419 1975
9418 1974
9417 1973
9416 1973
9415 1972
9414 1971
9413 1971
9412 1970
9411 1970
9410 1969
9409 1968
9408 1968
9407 1967
9406 1966
9405 1966
9404 1965
9403 1965
9402 1964
9401 1963
9400 1963
9399 1962
9398 1961
9397 1961
9396 1960
9395 1960
9394 1959
9393 1958
9392 1958
9391 1957
9390 1956
9389 1956
9388 1955
9387 1955
9386 1954
9385 1953
9384 1953
9383 1952
9382 1951
9381 1951
9380 1950
9379 1950
9378 1949
9377 1948
9376 1948
9375 1947
9374 1946
9373 1946
9372 1945
9371 1945
9370 1944
9369 1943
9368 1943
9367 1942
9366 1941
9365 1941
9364 1940
9363 1940
9362 1939
9361 1938
9360 1938
9359 1937
9358 1936
9357 1936
9356 1935
9355 1935
9354 1934
9353 1933
9352 1933
9351 1932
9350 1931
9349 1931
9348 1930
9347 1930
9346 1929
9345 1928
9344 1928
9343 1927
9342 1927
9341 1926
9340 1925
9339 1925
9338 1924
9337 1923
9336 1923
9335 1922
9334 1922
9333 1921
9332 1920
9331 1920
9330 1919
9329 1918
9328 1918
9327 1917
9326 1917
9325 1916
9324 1915
9323 1915
9322 1914
9321 1914
9320 1913
9319 1912
9318 1912
9317 1911
9316 1910
9315 1910
9314 1909
9313 1909
9312 1908
9311 1907
9310 1907
9309 1906
9308 1906
9307 1905
9306 1904
9305 1904
9304 1903
9303 1902
9302 1902
9301 1901
9300 1901
9299 1900
9298 1899
9297 1899
9296 1898
9295 1898
9294 1897
9293 1896
9292 1896
9291 1895
9290 1895
9289 1894
9288 1893
9287 1893
9286 1892
9285 1891
9284 1891
9283 1890
9282 1890
9281 1889
9280 1888
9279 1888
9278 1887
9277 1887
9276 1886
9275 1885
9274 1885
9273 1884
9272 1884
9271 1883
9270 1882
9269 1882
9268 1881
9267 1880
9266 1880
9265 1879
9264 1879
9263 1878
9262 1877
9261 1877
9260 1876
9259 1876
9258 1875
9257 1874
9256 1874
9255 1873
9254 1873
9253 1872
9252 1871
9251 1871
9250 1870
9249 1870
9248 1869
9247 1868
9246 1868
9245 1867
9244 1866
9243 1866
9242 1865
9241 1865
9240 1864
9239 1863
9238 1863
9237 1862
9236 1862
9235 1861
9234 1860
9233 1860
9232 1859
9231 1859
9230 1858
9229 1857
9228 1857
9227 1856
9226 1856
9225 1855
9224 1854
9223 1854
9222 1853
9221 1853
9220 1852
9219 1851
9218 1851
9217 1850
9216 1850
9215 1849
9214 1848
9213 1848
9212 1847
9211 1847
9210 1846
9209 1845
9208 1845
9207 1844
9206 1844
9205 1843
9204 1842
9203 1842
9202 1841
9201 1841
9200 1840
9199 1839
9198 1839
9197 1838
9196 1838
9195 1837
9194 1836
9193 1836
9192 1835
9191 1835
9190 1834
9189 1833
9188 1833
9187 1832
9186 1832
9185 1831
9184 1830
9183 1830
9182 1829
9181 1829
9180 1828
9179 1827
9178 1827
9177 1826
9176 1826
9175 1825
9174 1824
9173 1824
9172 1823
9171 1823
9170 1822
9169 1821
9168 1821
9167 1820
9166 1820
9165 1819
9164 1818
9163 1818
9162 1817
9161 1817
9160 1816
9159 1815
9158 1815
9157 1814
9156 1814
9155 1813
9154 1812
9153 1812
9152 1811
9151 1811
9150 1810
9149 1810
9148 1809
9147 1808
9146 1808
9145 1807
9144 1807
9143 1806
9142 1805
9141 1805
9140 1804
9139 1804
9138 1803
9137 1802
9136 1802
9135 1801
9134 1801
9133 1800
9132 1799
9131 1799
9130 1798
9129 1798
9128 1797
9127 1796
9126 1796
9125 1795
9124 1795
9123 1794
9122 1794
9121 1793
9120 1792
9119 1792
9118 1791
9117 1791
9116 1790
9115 1789
9114 1789
9113 1788
9112 1788
9111 1787
9110 1786
9109 1786
9108 1785
9107 1785
9106 1784
9105 1784
9104 1783
9103 1782
9102 1782
9101 1781
9100 1781
9099 1780
9098 1779
9097 1779
9096 1778
9095 1778
9094 1777
9093 1776
9092 1776
9091 1775
9090 1775
9089 1774
9088 1774
9087 1773
9086 1772
9085 1772
9084 1771
9083 1771
9082 1770
9081 1769
9080 1769
9079 1768
9078 1768
9077 1767
9076 1767
9075 1766
9074 1765
9073 1765
9072 1764
9071 1764
9070 1763
9069 1762
9068 1762
9067 1761
9066 1761
9065 1760
9064 1760
9063 1759
9062 1758
9061 1758
9060 1757
9059 1757
9058 1756
9057 1755
9056 1755
9055 1754
9054 1754
9053 1753
9052 1753
9051 1752
9050 1751
9049 1751
9048 1750
9047 1750
9046 1749
9045 1748
9044 1748
9043 1747
9042 1747
9041 1746
9040 1746
9039 1745
9038 1744
9037 1744
9036 1743
9035 1743
9034 1742
9033 1742
9032 1741
9031 1740
9030 1740
9029 1739
9028 1739
9027 1738
9026 1737
9025 1737
9024 1736
9023 1736
9022 1735
9021 1735
9020 1734
9019 1733
9018 1733
9017 1732
9016 1732
9015 1731
9014 1731
9013 1730
9012 1729
9011 1729
9010 1728
9009 1728
9008 1727
9007 1727
9006 1726
9005 1725
9004 1725
9003 1724
9002 1724
9001 1723
9000 1722
8999 1722
8998 1721
8997 1721
8996 1720
8995 1720
8994 1719
8993 1718
8992 1718
8991 1717
8990 1717
8989 1716
8988 1716
8987 1715
8986 1714
8985 1714
8984 1713
8983 1713
8982 1712
8981 1712
8980 1711
8979 1710
8978 1710
8977 1709
8976 1709
8975 1708
8974 1708
8973 1707
8972 1706
8971 1706
8970 1705
8969 1705
8968 1704
8967 1704
8966 1703
8965 1702
8964 1702
8963 1701
8962 1701
8961 1700
8960 1700
8959 1699
8958 1698
8957 1698
8956 1697
8955 1697
8954 1696
8953 1696
8952 1695
8951 1694
8950 1694
8949 1693
8948 1693
8947 1692
8946 1692
8945 1691
8944 1691
8943 1690
8942 1689
8941 1689
8940 1688
8939 1688
8938 1687
8937 1687
8936 1686
8935 1685
8934 1685
8933 1684
8932 1684
8931 1683
8930 1683
8929 1682
8928 1681
8927 1681
8926 1680
8925 1680
8924 1679
8923 1679
8922 1678
8921 1678
8920 1677
8919 1676
8918 1676
8917 1675
8916 1675
8915 1674
8914 1674
8913 1673
8912 1672
8911 1672
8910 1671
8909 1671
8908 1670
8907 1670
8906 1669
8905 1668
8904 1668
8903 1667
8902 1667
8901 1666
8900 1666
8899 1665
8898 1665
8897 1664
8896 1663
8895 1663
8894 1662
8893 1662
8892 1661
8891 1661
8890 1660
8889 1660
8888 1659
8887 1658
8886 1658
8885 1657
8884 1657
8883 1656
8882 1656
8881 1655
8880 1654
8879 1654
8878 1653
8877 1653
8876 1652
8875 1652
8874 1651
8873 1651
8872 1650
8871 1649
8870 1649
8869 1648
8868 1648
8867 1647
8866 1647
8865 1646
8864 1646
8863 1645
8862 1644
8861 1644
8860 1643
8859 1643
8858 1642
8857 1642
8856 1641
8855 1641
8854 1640
8853 1639
8852 1639
8851 1638
8850 1638
8849 1637
8848 1637
8847 1636
8846 1636
8845 1635
8844 1634
8843 1634
8842 1633
8841 1633
8840 1632
8839 1632
8838 1631
8837 1631
8836 1630
8835 1629
8834 1629
8833 1628
8832 1628
8831 1627
8830 1627
8829 1626
8828 1626
8827 1625
8826 1624
8825 1624
8824 1623
8823 1623
8822 1622
8821 1622
8820 1621
8819 1621
8818 1620
8817 1619
8816 1619
8815 1618
8814 1618
8813 1617
8812 1617
8811 1616
8810 1616
8809 1615
8808 1615
8807 1614
8806 1613
8805 1613
8804 1612
8803 1612
8802 1611
8801 1611
8800 1610
8799 1610
8798 1609
8797 1608
8796 1608
8795 1607
8794 1607
8793 1606
8792 1606
8791 1605
8790 1605
8789 1604
8788 1604
8787 1603
8786 1602
8785 1602
8784 1601
8783 1601
8782 1600
8781 1600
8780 1599
8779 1599
8778 1598
8777 1598
8776 1597
8775 1596
8774 1596
8773 1595
8772 1595
8771 1594
8770 1594
8769 1593
8768 1593
8767 1592
8766 1592
8765 1591
8764 1590
8763 1590
8762 1589
8761 1589
8760 1588
8759 1588
8758 1587
8757 1587
8756 1586
8755 1586
8754 1585
8753 1584
8752 1584
8751 1583
8750 1583
8749 1582
8748 1582
8747 1581
8746 1581
8745 1580
8744 1580
8743 1579
8742 1578
8741 1578
8740 1577
8739 1577
8738 1576
8737 1576
8736 1575
8735 1575
8734 1574
8733 1574
8732 1573
8731 1573
8730 1572
8729 1571
8728 1571
8727 1570
8726 1570
8725 1569
8724 1569
8723 1568
8722 1568
8721 1567
8720 1567
8719 1566
8718 1566
8717 1565
8716 1564
8715 1564
8714 1563
8713 1563
8712 1562
8711 1562
8710 1561
8709 1561
8708 1560
8707 1560
8706 1559
8705 1559
8704 1558
8703 1557
8702 1557
8701 1556
8700 1556
8699 1555
8698 1555
8697 1554
8696 1554
8695 1553
8694 1553
8693 1552
8692 1552
8691 1551
8690 1550
8689 1550
8688 1549
8687 1549
8686 1548
8685 1548
8684 1547
8683 1547
8682 1546
8681 1546
8680 1545
8679 1545
8678 1544
8677 1544
8676 1543
8675 1542
8674 1542
8673 1541
8672 1541
8671 1540
8670 1540
8669 1539
8668 1539
8667 1538
8666 1538
8665 1537
8664 1537
8663 1536
8662 1536
8661 1535
8660 1534
8659 1534
8658 1533
8657 1533
8656 1532
8655 1532
8654 1531
8653 1531
8652 1530
8651 1530
8650 1529
8649 1529
8648 1528
8647 1528
8646 1527
8645 1526
8644 1526
8643 1525
8642 1525
8641 1524
8640 1524
8639 1523
8638 1523
8637 1522
8636 1522
8635 1521
8634 1521
8633 1520
8632 1520
8631 1519
8630 1519
8629 1518
8628 1518
8627 1517
8626 1516
8625 1516
8624 1515
8623 1515
8622 1514
8621 1514
8620 1513
8619 1513
8618 1512
8617 1512
8616 1511
8615 1511
8614 1510
8613 1510
8612 1509
8611 1509
8610 1508
8609 1507
8608 1507
8607 1506
8606 1506
8605 1505
8604 1505
8603 1504
8602 1504
8601 1503
8600 1503
8599 1502
8598 1502
8597 1501
8596 1501
8595 1500
8594 1500
8593 1499
8592 1499
8591 1498
8590 1498
8589 1497
8588 1496
8587 1496
8586 1495
8585 1495
8584 1494
8583 1494
8582 1493
8581 1493
8580 1492
8579 1492
8578 1491
8577 1491
8576 1490
8575 1490
8574 1489
8573 1489
8572 1488
8571 1488
8570 1487
8569 1487
8568 1486
8567 1486
8566 1485
8565 1484
8564 1484
8563 1483
8562 1483
8561 1482
8560 1482
8559 1481
8558 1481
8557 1480
8556 1480
8555 1479
8554 1479
8553 1478
8552 1478
8551 1477
8550 1477
8549 1476
8548 1476
8547 1475
8546 1475
8545 1474
8544 1474
8543 1473
8542 1473
8541 1472
8540 1472
8539 1471
8538 1470
8537 1470
8536 1469
8535 1469
8534 1468
8533 1468
8532 1467
8531 1467
8530 1466
8529 1466
8528 1465
8527 1465
8526 1464
8525 1464
8524 1463
8523 1463
8522 1462
8521 1462
8520 1461
8519 1461
8518 1460
8517 1460
8516 1459
8515 1459
8514 1458
8513 1458
8512 1457
8511 1457
8510 1456
8509 1456
8508 1455
8507 1455
8506 1454
8505 1453
8504 1453
8503 1452
8502 1452
8501 1451
8500 1451
8499 1450
8498 1450
8497 1449
8496 1449
8495 1448
8494 1448
8493 1447
8492 1447
8491 1446
8490 1446
8489 1445
8488 1445
8487 1444
8486 1444
8485 1443
8484 1443
8483 1442
8482 1442
8481 1441
8480 1441
8479 1440
8478 1440
8477 1439
8476 1439
8475 1438
8474 1438
8473 1437
8472 1437
8471 1436
8470 1436
8469 1435
8468 1435
8467 1434
8466 1434
8465 1433
8464 1433
8463 1432
8462 1432
8461 1431
8460 1431
8459 1430
8458 1430
8457 1429
8456 1428
8455 1428
8454 1427
8453 1427
8452 1426
8451 1426
8450 1425
8449 1425
8448 1424
8447 1424
8446 1423
8445 1423
8444 1422
8443 1422
8442 1421
8441 1421
8440 1420
8439 1420
8438 1419
8437 1419
8436 1418
8435 1418
8434 1417
8433 1417
8432 1416
8431 1416
8430 1415
8429 1415
8428 1414
8427 1414
8426 1413
8425 1413
8424 1412
8423 1412
8422 1411
8421 1411
8420 1410
8419 1410
8418 1409
8417 1409
8416 1408
8415 1408
8414 1407
8413 1407
8412 1406
8411 1406
8410 1405
8409 1405
8408 1404
8407 1404
8406 1403
8405 1403
8404 1402
8403 1402
8402 1401
8401 1401
8400 1400
8399 1400
8398 1399
8397 1399
8396 1398
8395 1398
8394 1397
8393 1397
8392 1396
8391 1396
8390 1395
8389 1395
8388 1394
8387 1394
8386 1393
8385 1393
8384 1392
8383 1392
8382 1391
8381 1391
8380 1390
8379 1390
8378 1389
8377 1389
8376 1388
8375 1388
8374 1387
8373 1387
8372 1386
8371 1386
8370 1385
8369 1385
8368 1384
8367 1384
8366 1383
8365 1383
8364 1382
8363 1382
8362 1381
8361 1381
8360 1380
8359 1380
8358 1379
8357 1379
8356 1378
8355 1378
8354 1377
8353 1377
8352 1376
8351 1376
8350 1375
8349 1375
8348 1374
8347 1374
8346 1373
8345 1373
8344 1372
8343 1372
8342 1371
8341 1371
8340 1370
8339 1370
8338 1369
8337 1369
8336 1369
8335 1368
8334 1368
8333 1367
8332 1367
8331 1366
8330 1366
8329 1365
8328 1365
8327 1364
8326 1364
8325 1363
8324 1363
8323 1362
8322 1362
8321 1361
8320 1361
8319 1360
8318 1360
8317 1359
8316 1359
8315 1358
8314 1358
8313 1357
8312 1357
8311 1356
8310 1356
8309 1355
8308 1355
8307 1354
8306 1354
8305 1353
8304 1353
8303 1352
8302 1352
8301 1351
8300 1351
8299 1350
8298 1350
8297 1349
8296 1349
8295 1348
8294 1348
8293 1347
8292 1347
8291 1346
8290 1346
8289 1345
8288 1345
8287 1344
8286 1344
8285 1344
8284 1343
8283 1343
8282 1342
8281 1342
8280 1341
8279 1341
8278 1340
8277 1340
8276 1339
8275 1339
8274 1338
8273 1338
8272 1337
8271 1337
8270 1336
8269 1336
8268 1335
8267 1335
8266 1334
8265 1334
8264 1333
8263 1333
8262 1332
8261 1332
8260 1331
8259 1331
8258 1330
8257 1330
8256 1329
8255 1329
8254 1328
8253 1328
8252 1328
8251 1327
8250 1327
8249 1326
8248 1326
8247 1325
8246 1325
8245 1324
8244 1324
8243 1323
8242 1323
8241 1322
8240 1322
8239 1321
8238 1321
8237 1320
8236 1320
8235 1319
8234 1319
8233 1318
8232 1318
8231 1317
8230 1317
8229 1316
8228 1316
8227 1315
8226 1315
8225 1315
8224 1314
8223 1314
8222 1313
8221 1313
8220 1312
8219 1312
8218 1311
8217 1311
8216 1310
8215 1310
8214 1309
8213 1309
8212 1308
8211 1308
8210 1307
8209 1307
8208 1306
8207 1306
8206 1305
8205 1305
8204 1304
8203 1304
8202 1304
8201 1303
8200 1303
8199 1302
8198 1302
8197 1301
8196 1301
8195 1300
8194 1300
8193 1299
8192 1299
8191 1298
8190 1298
8189 1297
8188 1297
8187 1296
8186 1296
8185 1295
8184 1295
8183 1294
8182 1294
8181 1294
8180 1293
8179 1293
8178 1292
8177 1292
8176 1291
8175 1291
8174 1290
8173 1290
8172 1289
8171 1289
8170 1288
8169 1288
8168 1287
8167 1287
8166 1286
8165 1286
8164 1285
8163 1285
8162 1285
8161 1284
8160 1284
8159 1283
8158 1283
8157 1282
8156 1282
8155 1281
8154 1281
8153 1280
8152 1280
8151 1279
8150 1279
8149 1278
8148 1278
8147 1277
8146 1277
8145 1277
8144 1276
8143 1276
8142 1275
8141 1275
8140 1274
8139 1274
8138 1273
8137 1273
8136 1272
8135 1272
8134 1271
8133 1271
8132 1270
8131 1270
8130 1269
8129 1269
8128 1269
8127 1268
8126 1268
8125 1267
8124 1267
8123 1266
8122 1266
8121 1265
8120 1265
8119 1264
8118 1264
8117 1263
8116 1263
8115 1262
8114 1262
8113 1262
8112 1261
8111 1261
8110 1260
8109 1260
8108 1259
8107 1259
8106 1258
8105 1258
8104 1257
8103 1257
8102 1256
8101 1256
8100 1255
8099 1255
8098 1255
8097 1254
8096 1254
8095 1253
8094 1253
8093 1252
8092 1252
8091 1251
8090 1251
8089 1250
8088 1250
8087 1249
8086 1249
8085 1248
8084 1248
8083 1248
8082 1247
8081 1247
8080 1246
8079 1246
8078 1245
8077 1245
8076 1244
8075 1244
8074 1243
8073 1243
8072 1242
8071 1242
8070 1242
8069 1241
8068 1241
8067 1240
8066 1240
8065 1239
8064 1239
8063 1238
8062 1238
8061 1237
8060 1237
8059 1236
8058 1236
8057 1236
8056 1235
8055 1235
8054 1234
8053 1234
8052 1233
8051 1233
8050 1232
8049 1232
8048 1231
8047 1231
8046 1231
8045 1230
8044 1230
8043 1229
8042 1229
8041 1228
8040 1228
8039 1227
8038 1227
8037 1226
8036 1226
8035 1225
8034 1225
8033 1225
8032 1224
8031 1224
8030 1223
8029 1223
8028 1222
8027 1222
8026 1221
8025 1221
8024 1220
8023 1220
8022 1220
8021 1219
8020 1219
8019 1218
8018 1218
8017 1217
8016 1217
8015 1216
8014 1216
8013 1215
8012 1215
8011 1215
8010 1214
8009 1214
8008 1213
8007 1213
8006 1212
8005 1212
8004 1211
8003 1211
8002 1210
8001 1210
8000 1210
7999 1209
7998 1209
7997 1208
7996 1208
7995 1207
7994 1207
7993 1206
7992 1206
7991 1205
7990 1205
7989 1205
7988 1204
7987 1204
7986 1203
7985 1203
7984 1202
7983 1202
7982 1201
7981 1201
7980 1200
7979 1200
7978 1200
7977 1199
7976 1199
7975 1198
7974 1198
7973 1197
7972 1197
7971 1196
7970 1196
7969 1195
7968 1195
7967 1195
7966 1194
7965 1194
7964 1193
7963 1193
7962 1192
7961 1192
7960 1191
7959 1191
7958 1191
7957 1190
7956 1190
7955 1189
7954 1189
7953 1188
7952 1188
7951 1187
7950 1187
7949 1187
7948 1186
7947 1186
7946 1185
7945 1185
7944 1184
7943 1184
7942 1183
7941 1183
7940 1182
7939 1182
7938 1182
7937 1181
7936 1181
7935 1180
7934 1180
7933 1179
7932 1179
7931 1178
7930 1178
7929 1178
7928 1177
7927 1177
7926 1176
7925 1176
7924 1175
7923 1175
7922 1174
7921 1174
7920 1174
7919 1173
7918 1173
7917 1172
7916 1172
7915 1171
7914 1171
7913 1170
7912 1170
7911 1170
7910 1169
7909 1169
7908 1168
7907 1168
7906 1167
7905 1167
7904 1166
7903 1166
7902 1166
7901 1165
7900 1165
7899 1164
7898 1164
7897 1163
7896 1163
7895 1162
7894 1162
7893 1162
7892 1161
7891 1161
7890 1160
7889 1160
7888 1159
7887 1159
7886 1159
7885 1158
7884 1158
7883 1157
7882 1157
7881 1156
7880 1156
7879 1155
7878 1155
7877 1155
7876 1154
7875 1154
7874 1153
7873 1153
7872 1152
7871 1152
7870 1151
7869 1151
7868 1151
7867 1150
7866 1150
7865 1149
7864 1149
7863 1148
7862 1148
7861 1148
7860 1147
7859 1147
7858 1146
7857 1146
7856 1145
7855 1145
7854 1144
7853 1144
7852 1144
7851 1143
7850 1143
7849 1142
7848 1142
7847 1141
7846 1141
7845 1141
7844 1140
7843 1140
7842 1139
7841 1139
7840 1138
7839 1138
7838 1137
7837 1137
7836 1137
7835 1136
7834 1136
7833 1135
7832 1135
7831 1134
7830 1134
7829 1134
7828 1133
7827 1133
7826 1132
7825 1132
7824 1131
7823 1131
7822 1131
7821 1130
7820 1130
7819 1129
7818 1129
7817 1128
7816 1128
7815 1127
7814 1127
7813 1127
7812 1126
7811 1126
7810 1125
7809 1125
7808 1124
7807 1124
7806 1124
7805 1123
7804 1123
7803 1122
7802 1122
7801 1121
7800 1121
7799 1121
7798 1120
7797 1120
7796 1119
7795 1119
7794 1118
7793 1118
7792 1118
7791 1117
7790 1117
7789 1116
7788 1116
7787 1115
7786 1115
7785 1115
7784 1114
7783 1114
7782 1113
7781 1113
7780 1112
7779 1112
7778 1112
7777 1111
7776 1111
7775 1110
7774 1110
7773 1109
7772 1109
7771 1109
7770 1108
7769 1108
7768 1107
7767 1107
7766 1106
7765 1106
7764 1106
7763 1105
7762 1105
7761 1104
7760 1104
7759 1103
7758 1103
7757 1103
7756 1102
7755 1102
7754 1101
7753 1101
7752 1100
7751 1100
7750 1100
7749 1099
7748 1099
7747 1098
7746 1098
7745 1097
7744 1097
7743 1097
7742 1096
7741 1096
7740 1095
7739 1095
7738 1094
7737 1094
7736 1094
7735 1093
7734 1093
7733 1092
7732 1092
7731 1091
7730 1091
7729 1091
7728 1090
7727 1090
7726 1089
7725 1089
7724 1089
7723 1088
7722 1088
7721 1087
7720 1087
7719 1086
7718 1086
7717 1086
7716 1085
7715 1085
7714 1084
7713 1084
7712 1083
7711 1083
7710 1083
7709 1082
7708 1082
7707 1081
7706 1081
7705 1080
7704 1080
7703 1080
7702 1079
7701 1079
7700 1078
7699 1078
7698 1078
7697 1077
7696 1077
7695 1076
7694 1076
7693 1075
7692 1075
7691 1075
7690 1074
7689 1074
7688 1073
7687 1073
7686 1073
7685 1072
7684 1072
7683 1071
7682 1071
7681 1070
7680 1070
7679 1070
7678 1069
7677 1069
7676 1068
7675 1068
7674 1067
7673 1067
7672 1067
7671 1066
7670 1066
7669 1065
7668 1065
7667 1065
7666 1064
7665 1064
7664 1063
7663 1063
7662 1062
7661 1062
7660 1062
7659 1061
7658 1061
7657 1060
7656 1060
7655 1060
7654 1059
7653 1059
7652 1058
7651 1058
7650 1058
7649 1057
7648 1057
7647 1056
7646 1056
7645 1055
7644 1055
7643 1055
7642 1054
7641 1054
7640 1053
7639 1053
7638 1053
7637 1052
7636 1052
7635 1051
7634 1051
7633 1050
7632 1050
7631 1050
7630 1049
7629 1049
7628 1048
7627 1048
7626 1048
7625 1047
7624 1047
7623 1046
7622 1046
7621 1046
7620 1045
7619 1045
7618 1044
7617 1044
7616 1043
7615 1043
7614 1043
7613 1042
7612 1042
7611 1041
7610 1041
7609 1041
7608 1040
7607 1040
7606 1039
7605 1039
7604 1039
7603 1038
7602 1038
7601 1037
7600 1037
7599 1036
7598 1036
7597 1036
7596 1035
7595 1035
7594 1034
7593 1034
7592 1034
7591 1033
7590 1033
7589 1032
7588 1032
7587 1032
7586 1031
7585 1031
7584 1030
7583 1030
7582 1030
7581 1029
7580 1029
7579 1028
7578 1028
7577 1027
7576 1027
7575 1027
7574 1026
7573 1026
7572 1025
7571 1025
7570 1025
7569 1024
7568 1024
7567 1023
7566 1023
7565 1023
7564 1022
7563 1022
7562 1021
7561 1021
7560 1021
7559 1020
7558 1020
7557 1019
7556 1019
7555 1019
7554 1018
7553 1018
7552 1017
7551 1017
7550 1017
7549 1016
7548 1016
7547 1015
7546 1015
7545 1015
7544 1014
7543 1014
7542 1013
7541 1013
7540 1013
7539 1012
7538 1012
7537 1011
7536 1011
7535 1010
7534 1010
7533 1010
7532 1009
7531 1009
7530 1008
7529 1008
7528 1008
7527 1007
7526 1007
7525 1006
7524 1006
7523 1006
7522 1005
7521 1005
7520 1004
7519 1004
7518 1004
7517 1003
7516 1003
7515 1002
7514 1002
7513 1002
7512 1001
7511 1001
7510 1000
7509 1000
7508 1000
7507 999
7506 999
7505 998
7504 998
7503 998
7502 997
7501 997
7500 996
7499 996
7498 996
7497 995
7496 995
7495 994
7494 994
7493 994
7492 993
7491 993
7490 992
7489 992
7488 992
7487 991
7486 991
7485 990
7484 990
7483 990
7482 989
7481 989
7480 989
7479 988
7478 988
7477 987
7476 987
7475 987
7474 986
7473 986
7472 985
7471 985
7470 985
7469 984
7468 984
7467 983
7466 983
7465 983
7464 982
7463 982
7462 981
7461 981
7460 981
7459 980
7458 980
7457 979
7456 979
7455 979
7454 978
7453 978
7452 977
7451 977
7450 977
7449 976
7448 976
7447 975
7446 975
7445 975
7444 974
7443 974
7442 974
7441 973
7440 973
7439 972
7438 972
7437 972
7436 971
7435 971
7434 970
7433 970
7432 970
7431 969
7430 969
7429 968
7428 968
7427 968
7426 967
7425 967
7424 966
7423 966
7422 966
7421 965
7420 965
7419 965
7418 964
7417 964
7416 963
7415 963
7414 963
7413 962
7412 962
7411 961
7410 961
7409 961
7408 960
7407 960
7406 959
7405 959
7404 959
7403 958
7402 958
7401 957
7400 957
7399 957
7398 956
7397 956
7396 956
7395 955
7394 955
7393 954
7392 954
7391 954
7390 953
7389 953
7388 952
7387 952
7386 952
7385 951
7384 951
7383 951
7382 950
7381 950
7380 949
7379 949
7378 949
7377 948
7376 948
7375 947
7374 947
7373 947
7372 946
7371 946
7370 946
7369 945
7368 945
7367 944
7366 944
7365 944
7364 943
7363 943
7362 942
7361 942
7360 942
7359 941
7358 941
7357 941
7356 940
7355 940
7354 939
7353 939
7352 939
7351 938
7350 938
7349 937
7348 937
7347 937
7346 936
7345 936
7344 936
7343 935
7342 935
7341 934
7340 934
7339 934
7338 933
7337 933
7336 932
7335 932
7334 932
7333 931
7332 931
7331 931
7330 930
7329 930
7328 929
7327 929
7326 929
7325 928
7324 928
7323 928
7322 927
7321 927
7320 926
7319 926
7318 926
7317 925
7316 925
7315 924
7314 924
7313 924
7312 923
7311 923
7310 923
7309 922
7308 922
7307 921
7306 921
7305 921
7304 920
7303 920
7302 920
7301 919
7300 919
7299 918
7298 918
7297 918
7296 917
7295 917
7294 917
7293 916
7292 916
7291 915
7290 915
7289 915
7288 914
7287 914
7286 914
7285 913
7284 913
7283 912
7282 912
7281 912
7280 911
7279 911
7278 911
7277 910
7276 910
7275 909
7274 909
7273 909
7272 908
7271 908
7270 908
7269 907
7268 907
7267 906
7266 906
7265 906
7264 905
7263 905
7262 905
7261 904
7260 904
7259 903
7258 903
7257 903
7256 902
7255 902
7254 902
7253 901
7252 901
7251 900
7250 900
7249 900
7248 899
7247 899
7246 899
7245 898
7244 898
7243 897
7242 897
7241 897
7240 896
7239 896
7238 896
7237 895
7236 895
7235 894
7234 894
7233 894
7232 893
7231 893
7230 893
7229 892
7228 892
7227 891
7226 891
7225 891
7224 890
7223 890
7222 890
7221 889
7220 889
7219 889
7218 888
7217 888
7216 887
7215 887
7214 887
7213 886
7212 886
7211 886
7210 885
7209 885
7208 884
7207 884
7206 884
7205 883
7204 883
7203 883
7202 882
7201 882
7200 882
7199 881
7198 881
7197 880
7196 880
7195 880
7194 879
7193 879
7192 879
7191 878
7190 878
7189 877
7188 877
7187 877
7186 876
7185 876
7184 876
7183 875
7182 875
7181 875
7180 874
7179 874
7178 873
7177 873
7176 873
7175 872
7174 872
7173 872
7172 871
7171 871
7170 871
7169 870
7168 870
7167 869
7166 869
7165 869
7164 868
7163 868
7162 868
7161 867
7160 867
7159 867
7158 866
7157 866
7156 865
7155 865
7154 865
7153 864
7152 864
7151 864
7150 863
7149 863
7148 863
7147 862
7146 862
7145 861
7144 861
7143 861
7142 860
7141 860
7140 860
7139 859
7138 859
7137 859
7136 858
7135 858
7134 857
7133 857
7132 857
7131 856
7130 856
7129 856
7128 855
7127 855
7126 855
7125 854
7124 854
7123 854
7122 853
7121 853
7120 852
7119 852
7118 852
7117 851
7116 851
7115 851
7114 850
7113 850
7112 850
7111 849
7110 849
7109 848
7108 848
7107 848
7106 847
7105 847
7104 847
7103 846
7102 846
7101 846
7100 845
7099 845
7098 845
7097 844
7096 844
7095 843
7094 843
7093 843
7092 842
7091 842
7090 842
7089 841
7088 841
7087 841
7086 840
7085 840
7084 840
7083 839
7082 839
7081 838
7080 838
7079 838
7078 837
7077 837
7076 837
7075 836
7074 836
7073 836
7072 835
7071 835
7070 835
7069 834
7068 834
7067 834
7066 833
7065 833
7064 832
7063 832
7062 832
7061 831
7060 831
7059 831
7058 830
7057 830
7056 830
7055 829
7054 829
7053 829
7052 828
7051 828
7050 828
7049 827
7048 827
7047 826
7046 826
7045 826
7044 825
7043 825
7042 825
7041 824
7040 824
7039 824
7038 823
7037 823
7036 823
7035 822
7034 822
7033 822
7032 821
7031 821
7030 820
7029 820
7028 820
7027 819
7026 819
7025 819
7024 818
7023 818
7022 818
7021 817
7020 817
7019 817
7018 816
7017 816
7016 816
7015 815
7014 815
7013 815
7012 814
7011 814
7010 814
7009 813
7008 813
7007 812
7006 812
7005 812
7004 811
7003 811
7002 811
7001 810
7000 810
6999 810
6998 809
6997 809
6996 809
6995 808
6994 808
6993 808
6992 807
6991 807
6990 807
6989 806
6988 806
6987 806
6986 805
6985 805
6984 804
6983 804
6982 804
6981 803
6980 803
6979 803
6978 802
6977 802
6976 802
6975 801
6974 801
6973 801
6972 800
6971 800
6970 800
6969 799
6968 799
6967 799
6966 798
6965 798
6964 798
6963 797
6962 797
6961 797
6960 796
6959 796
6958 796
6957 795
6956 795
6955 794
6954 794
6953 794
6952 793
6951 793
6950 793
6949 792
6948 792
6947 792
6946 791
6945 791
6944 791
6943 790
6942 790
6941 790
6940 789
6939 789
6938 789
6937 788
6936 788
6935 788
6934 787
6933 787
6932 787
6931 786
6930 786
6929 786
6928 785
6927 785
6926 785
6925 784
6924 784
6923 784
6922 783
6921 783
6920 783
6919 782
6918 782
6917 782
6916 781
6915 781
6914 781
6913 780
6912 780
6911 779
6910 779
6909 779
6908 778
6907 778
6906 778
6905 777
6904 777
6903 777
6902 776
6901 776
6900 776
6899 775
6898 775
6897 775
6896 774
6895 774
6894 774
6893 773
6892 773
6891 773
6890 772
6889 772
6888 772
6887 771
6886 771
6885 771
6884 770
6883 770
6882 770
6881 769
6880 769
6879 769
6878 768
6877 768
6876 768
6875 767
6874 767
6873 767
6872 766
6871 766
6870 766
6869 765
6868 765
6867 765
6866 764
6865 764
6864 764
6863 763
6862 763
6861 763
6860 762
6859 762
6858 762
6857 761
6856 761
6855 761
6854 760
6853 760
6852 760
6851 759
6850 759
6849 759
6848 758
6847 758
6846 758
6845 757
6844 757
6843 757
6842 756
6841 756
6840 756
6839 755
6838 755
6837 755
6836 754
6835 754
6834 754
6833 753
6832 753
6831 753
6830 752
6829 752
6828 752
6827 751
6826 751
6825 751
6824 750
6823 750
6822 750
6821 749
6820 749
6819 749
6818 748
6817 748
6816 748
6815 747
6814 747
6813 747
6812 746
6811 746
6810 746
6809 745
6808 745
6807 745
6806 744
6805 744
6804 744
6803 743
6802 743
6801 743
6800 742
6799 742
6798 742
6797 742
6796 741
6795 741
6794 741
6793 740
6792 740
6791 740
6790 739
6789 739
6788 739
6787 738
6786 738
6785 738
6784 737
6783 737
6782 737
6781 736
6780 736
6779 736
6778 735
6777 735
6776 735
6775 734
6774 734
6773 734
6772 733
6771 733
6770 733
6769 732
6768 732
6767 732
6766 731
6765 731
6764 731
6763 730
6762 730
6761 730
6760 729
6759 729
6758 729
6757 728
6756 728
6755 728
6754 728
6753 727
6752 727
6751 727
6750 726
6749 726
6748 726
6747 725
6746 725
6745 725
6744 724
6743 724
6742 724
6741 723
6740 723
6739 723
6738 722
6737 722
6736 722
6735 721
6734 721
6733 721
6732 720
6731 720
6730 720
6729 719
6728 719
6727 719
6726 718
6725 718
6724 718
6723 718
6722 717
6721 717
6720 717
6719 716
6718 716
6717 716
6716 715
6715 715
6714 715
6713 714
6712 714
6711 714
6710 713
6709 713
6708 713
6707 712
6706 712
6705 712
6704 711
6703 711
6702 711
6701 711
6700 710
6699 710
6698 710
6697 709
6696 709
6695 709
6694 708
6693 708
6692 708
6691 707
6690 707
6689 707
6688 706
6687 706
6686 706
6685 705
6684 705
6683 705
6682 704
6681 704
6680 704
6679 704
6678 703
6677 703
6676 703
6675 702
6674 702
6673 702
6672 701
6671 701
6670 701
6669 700
6668 700
6667 700
6666 699
6665 699
6664 699
6663 698
6662 698
6661 698
6660 698
6659 697
6658 697
6657 697
6656 696
6655 696
6654 696
6653 695
6652 695
6651 695
6650 694
6649 694
6648 694
6647 693
6646 693
6645 693
6644 693
6643 692
6642 692
6641 692
6640 691
6639 691
6638 691
6637 690
6636 690
6635 690
6634 689
6633 689
6632 689
6631 688
6630 688
6629 688
6628 688
6627 687
6626 687
6625 687
6624 686
6623 686
6622 686
6621 685
6620 685
6619 685
6618 684
6617 684
6616 684
6615 683
6614 683
6613 683
6612 683
6611 682
6610 682
6609 682
6608 681
6607 681
6606 681
6605 680
6604 680
6603 680
6602 679
6601 679
6600 679
6599 679
6598 678
6597 678
6596 678
6595 677
6594 677
6593 677
6592 676
6591 676
6590 676
6589 675
6588 675
6587 675
6586 675
6585 674
6584 674
6583 674
6582 673
6581 673
6580 673
6579 672
6578 672
6577 672
6576 671
6575 671
6574 671
6573 671
6572 670
6571 670
6570 670
6569 669
6568 669
6567 669
6566 668
6565 668
6564 668
6563 667
6562 667
6561 667
6560 667
6559 666
6558 666
6557 666
6556 665
6555 665
6554 665
6553 664
6552 664
6551 664
6550 664
6549 663
6548 663
6547 663
6546 662
6545 662
6544 662
6543 661
6542 661
6541 661
6540 660
6539 660
6538 660
6537 660
6536 659
6535 659
6534 659
6533 658
6532 658
6531 658
6530 657
6529 657
6528 657
6527 657
6526 656
6525 656
6524 656
6523 655
6522 655
6521 655
6520 654
6519 654
6518 654
6517 654
6516 653
6515 653
6514 653
6513 652
6512 652
6511 652
6510 651
6509 651
6508 651
6507 651
6506 650
6505 650
6504 650
6503 649
6502 649
6501 649
6500 648
6499 648
6498 648
6497 648
6496 647
6495 647
6494 647
6493 646
6492 646
6491 646
6490 645
6489 645
6488 645
6487 645
6486 644
6485 644
6484 644
6483 643
6482 643
6481 643
6480 642
6479 642
6478 642
6477 642
6476 641
6475 641
6474 641
6473 640
6472 640
6471 640
6470 639
6469 639
6468 639
6467 639
6466 638
6465 638
6464 638
6463 637
6462 637
6461 637
6460 636
6459 636
6458 636
6457 636
6456 635
6455 635
6454 635
6453 634
6452 634
6451 634
6450 634
6449 633
6448 633
6447 633
6446 632
6445 632
6444 632
6443 631
6442 631
6441 631
6440 631
6439 630
6438 630
6437 630
6436 629
6435 629
6434 629
6433 629
6432 628
6431 628
6430 628
6429 627
6428 627
6427 627
6426 626
6425 626
6424 626
6423 626
6422 625
6421 625
6420 625
6419 624
6418 624
6417 624
6416 624
6415 623
6414 623
6413 623
6412 622
6411 622
6410 622
6409 622
6408 621
6407 621
6406 621
6405 620
6404 620
6403 620
6402 619
6401 619
6400 619
6399 619
6398 618
6397 618
6396 618
6395 617
6394 617
6393 617
6392 617
6391 616
6390 616
6389 616
6388 615
6387 615
6386 615
6385 615
6384 614
6383 614
6382 614
6381 613
6380 613
6379 613
6378 613
6377 612
6376 612
6375 612
6374 611
6373 611
6372 611
6371 611
6370 610
6369 610
6368 610
6367 609
6366 609
6365 609
6364 609
6363 608
6362 608
6361 608
6360 607
6359 607
6358 607
6357 607
6356 606
6355 606
6354 606
6353 605
6352 605
6351 605
6350 604
6349 604
6348 604
6347 604
6346 603
6345 603
6344 603
6343 603
6342 602
6341 602
6340 602
6339 601
6338 601
6337 601
6336 601
6335 600
6334 600
6333 600
6332 599
6331 599
6330 599
6329 599
6328 598
6327 598
6326 598
6325 597
6324 597
6323 597
6322 597
6321 596
6320 596
6319 596
6318 595
6317 595
6316 595
6315 595
6314 594
6313 594
6312 594
6311 593
6310 593
6309 593
6308 593
6307 592
6306 592
6305 592
6304 591
6303 591
6302 591
6301 591
6300 590
6299 590
6298 590
6297 589
6296 589
6295 589
6294 589
6293 588
6292 588
6291 588
6290 588
6289 587
6288 587
6287 587
6286 586
6285 586
6284 586
6283 586
6282 585
6281 585
6280 585
6279 584
6278 584
6277 584
6276 584
6275 583
6274 583
6273 583
6272 582
6271 582
6270 582
6269 582
6268 581
6267 581
6266 581
6265 581
6264 580
6263 580
6262 580
6261 579
6260 579
6259 579
6258 579
6257 578
6256 578
6255 578
6254 577
6253 577
6252 577
6251 577
6250 576
6249 576
6248 576
6247 576
6246 575
6245 575
6244 575
6243 574
6242 574
6241 574
6240 574
6239 573
6238 573
6237 573
6236 572
6235 572
6234 572
6233 572
6232 571
6231 571
6230 571
6229 571
6228 570
6227 570
6226 570
6225 569
6224 569
6223 569
6222 569
6221 568
6220 568
6219 568
6218 568
6217 567
6216 567
6215 567
6214 566
6213 566
6212 566
6211 566
6210 565
6209 565
6208 565
6207 565
6206 564
6205 564
6204 564
6203 563
6202 563
6201 563
6200 563
6199 562
6198 562
6197 562
6196 562
6195 561
6194 561
6193 561
6192 560
6191 560
6190 560
6189 560
6188 559
6187 559
6186 559
6185 559
6184 558
6183 558
6182 558
6181 557
6180 557
6179 557
6178 557
6177 556
6176 556
6175 556
6174 556
6173 555
6172 555
6171 555
6170 554
6169 554
6168 554
6167 554
6166 553
6165 553
6164 553
6163 553
6162 552
6161 552
6160 552
6159 552
6158 551
6157 551
6156 551
6155 550
6154 550
6153 550
6152 550
6151 549
6150 549
6149 549
6148 549
6147 548
6146 548
6145 548
6144 547
6143 547
6142 547
6141 547
6140 546
6139 546
6138 546
6137 546
6136 545
6135 545
6134 545
6133 545
6132 544
6131 544
6130 544
6129 543
6128 543
6127 543
6126 543
6125 542
6124 542
6123 542
6122 542
6121 541
6120 541
6119 541
6118 541
6117 540
6116 540
6115 540
6114 540
6113 539
6112 539
6111 539
6110 538
6109 538
6108 538
6107 538
6106 537
6105 537
6104 537
6103 537
6102 536
6101 536
6100 536
6099 536
6098 535
6097 535
6096 535
6095 534
6094 534
6093 534
6092 534
6091 533
6090 533
6089 533
6088 533
6087 532
6086 532
6085 532
6084 532
6083 531
6082 531
6081 531
6080 531
6079 530
6078 530
6077 530
6076 529
6075 529
6074 529
6073 529
6072 528
6071 528
6070 528
6069 528
6068 527
6067 527
6066 527
6065 527
6064 526
6063 526
6062 526
6061 526
6060 525
6059 525
6058 525
6057 525
6056 524
6055 524
6054 524
6053 523
6052 523
6051 523
6050 523
6049 522
6048 522
6047 522
6046 522
6045 521
6044 521
6043 521
6042 521
6041 520
6040 520
6039 520
6038 520
6037 519
6036 519
6035 519
6034 519
6033 518
6032 518
6031 518
6030 518
6029 517
6028 517
6027 517
6026 517
6025 516
6024 516
6023 516
6022 515
6021 515
6020 515
6019 515
6018 514
6017 514
6016 514
6015 514
6014 513
6013 513
6012 513
6011 513
6010 512
6009 512
6008 512
6007 512
6006 511
6005 511
6004 511
6003 511
6002 510
6001 510
6000 510
5999 510
5998 509
5997 509
5996 509
5995 509
5994 508
5993 508
5992 508
5991 508
5990 507
5989 507
5988 507
5987 507
5986 506
5985 506
5984 506
5983 506
5982 505
5981 505
5980 505
5979 505
5978 504
5977 504
5976 504
5975 503
5974 503
5973 503
5972 503
5971 502
5970 502
5969 502
5968 502
5967 501
5966 501
5965 501
5964 501
5963 500
5962 500
5961 500
5960 500
5959 499
5958 499
5957 499
5956 499
5955 498
5954 498
5953 498
5952 498
5951 497
5950 497
5949 497
5948 497
5947 496
5946 496
5945 496
5944 496
5943 495
5942 495
5941 495
5940 495
5939 494
5938 494
5937 494
5936 494
5935 493
5934 493
5933 493
5932 493
5931 492
5930 492
5929 492
5928 492
5927 491
5926 491
5925 491
5924 491
5923 490
5922 490
5921 490
5920 490
5919 489
5918 489
5917 489
5916 489
5915 488
5914 488
5913 488
5912 488
5911 487
5910 487
5909 487
5908 487
5907 486
5906 486
5905 486
5904 486
5903 485
5902 485
5901 485
5900 485
5899 484
5898 484
5897 484
5896 484
5895 484
5894 483
5893 483
5892 483
5891 483
5890 482
5889 482
5888 482
5887 482
5886 481
5885 481
5884 481
5883 481
5882 480
5881 480
5880 480
5879 480
5878 479
5877 479
5876 479
5875 479
5874 478
5873 478
5872 478
5871 478
5870 477
5869 477
5868 477
5867 477
5866 476
5865 476
5864 476
5863 476
5862 475
5861 475
5860 475
5859 475
5858 474
5857 474
5856 474
5855 474
5854 473
5853 473
5852 473
5851 473
5850 473
5849 472
5848 472
5847 472
5846 472
5845 471
5844 471
5843 471
5842 471
5841 470
5840 470
5839 470
5838 470
5837 469
5836 469
5835 469
5834 469
5833 468
5832 468
5831 468
5830 468
5829 467
5828 467
5827 467
5826 467
5825 466
5824 466
5823 466
5822 466
5821 466
5820 465
5819 465
5818 465
5817 465
5816 464
5815 464
5814 464
5813 464
5812 463
5811 463
5810 463
5809 463
5808 462
5807 462
5806 462
5805 462
5804 461
5803 461
5802 461
5801 461
5800 460
5799 460
5798 460
5797 460
5796 460
5795 459
5794 459
5793 459
5792 459
5791 458
5790 458
5789 458
5788 458
5787 457
5786 457
5785 457
5784 457
5783 456
5782 456
5781 456
5780 456
5779 455
5778 455
5777 455
5776 455
5775 455
5774 454
5773 454
5772 454
5771 454
5770 453
5769 453
5768 453
5767 453
5766 452
5765 452
5764 452
5763 452
5762 451
5761 451
5760 451
5759 451
5758 451
5757 450
5756 450
5755 450
5754 450
5753 449
5752 449
5751 449
5750 449
5749 448
5748 448
5747 448
5746 448
5745 447
5744 447
5743 447
5742 447
5741 447
5740 446
5739 446
5738 446
5737 446
5736 445
5735 445
5734 445
5733 445
5732 444
5731 444
5730 444
5729 444
5728 444
5727 443
5726 443
5725 443
5724 443
5723 442
5722 442
5721 442
5720 442
5719 441
5718 441
5717 441
5716 441
5715 440
5714 440
5713 440
5712 440
5711 440
5710 439
5709 439
5708 439
5707 439
5706 438
5705 438
5704 438
5703 438
5702 437
5701 437
5700 437
5699 437
5698 437
5697 436
5696 436
5695 436
5694 436
5693 435
5692 435
5691 435
5690 435
5689 435
5688 434
5687 434
5686 434
5685 434
5684 433
5683 433
5682 433
5681 433
5680 432
5679 432
5678 432
5677 432
5676 432
5675 431
5674 431
5673 431
5672 431
5671 430
5670 430
5669 430
5668 430
5667 429
5666 429
5665 429
5664 429
5663 429
5662 428
5661 428
5660 428
5659 428
5658 427
5657 427
5656 427
5655 427
5654 427
5653 426
5652 426
5651 426
5650 426
5649 425
5648 425
5647 425
5646 425
5645 424
5644 424
5643 424
5642 424
5641 424
5640 423
5639 423
5638 423
5637 423
5636 422
5635 422
5634 422
5633 422
5632 422
5631 421
5630 421
5629 421
5628 421
5627 420
5626 420
5625 420
5624 420
5623 420
5622 419
5621 419
5620 419
5619 419
5618 418
5617 418
5616 418
5615 418
5614 418
5613 417
5612 417
5611 417
5610 417
5609 416
5608 416
5607 416
5606 416
5605 416
5604 415
5603 415
5602 415
5601 415
5600 414
5599 414
5598 414
5597 414
5596 414
5595 413
5594 413
5593 413
5592 413
5591 412
5590 412
5589 412
5588 412
5587 412
5586 411
5585 411
5584 411
5583 411
5582 410
5581 410
5580 410
5579 410
5578 410
5577 409
5576 409
5575 409
5574 409
5573 408
5572 408
5571 408
5570 408
5569 408
5568 407
5567 407
5566 407
5565 407
5564 406
5563 406
5562 406
5561 406
5560 406
5559 405
5558 405
5557 405
5556 405
5555 404
5554 404
5553 404
5552 404
5551 404
5550 403
5549 403
5548 403
5547 403
5546 403
5545 402
5544 402
5543 402
5542 402
5541 401
5540 401
5539 401
5538 401
5537 401
5536 400
5535 400
5534 400
5533 400
5532 399
5531 399
5530 399
5529 399
5528 399
5527 398
5526 398
5525 398
5524 398
5523 398
5522 397
5521 397
5520 397
5519 397
5518 396
5517 396
5516 396
5515 396
5514 396
5513 395
5512 395
5511 395
5510 395
5509 394
5508 394
5507 394
5506 394
5505 394
5504 393
5503 393
5502 393
5501 393
5500 393
5499 392
5498 392
5497 392
5496 392
5495 391
5494 391
5493 391
5492 391
5491 391
5490 390
5489 390
5488 390
5487 390
5486 390
5485 389
5484 389
5483 389
5482 389
5481 388
5480 388
5479 388
5478 388
5477 388
5476 387
5475 387
5474 387
5473 387
5472 387
5471 386
5470 386
5469 386
5468 386
5467 386
5466 385
5465 385
5464 385
5463 385
5462 384
5461 384
5460 384
5459 384
5458 384
5457 383
5456 383
5455 383
5454 383
5453 383
5452 382
5451 382
5450 382
5449 382
5448 382
5447 381
5446 381
5445 381
5444 381
5443 380
5442 380
5441 380
5440 380
5439 380
5438 379
5437 379
5436 379
5435 379
5434 379
5433 378
5432 378
5431 378
5430 378
5429 378
5428 377
5427 377
5426 377
5425 377
5424 376
5423 376
5422 376
5421 376
5420 376
5419 375
5418 375
5417 375
5416 375
5415 375
5414 374
5413 374
5412 374
5411 374
5410 374
5409 373
5408 373
5407 373
5406 373
5405 373
5404 372
5403 372
5402 372
5401 372
5400 372
5399 371
5398 371
5397 371
5396 371
5395 370
5394 370
5393 370
5392 370
5391 370
5390 369
5389 369
5388 369
5387 369
5386 369
5385 368
5384 368
5383 368
5382 368
5381 368
5380 367
5379 367
5378 367
5377 367
5376 367
5375 366
5374 366
5373 366
5372 366
5371 366
5370 365
5369 365
5368 365
5367 365
5366 365
5365 364
5364 364
5363 364
5362 364
5361 363
5360 363
5359 363
5358 363
5357 363
5356 362
5355 362
5354 362
5353 362
5352 362
5351 361
5350 361
5349 361
5348 361
5347 361
5346 360
5345 360
5344 360
5343 360
5342 360
5341 359
5340 359
5339 359
5338 359
5337 359
5336 358
5335 358
5334 358
5333 358
5332 358
5331 357
5330 357
5329 357
5328 357
5327 357
5326 356
5325 356
5324 356
5323 356
5322 356
5321 355
5320 355
5319 355
5318 355
5317 355
5316 354
5315 354
5314 354
5313 354
5312 354
5311 353
5310 353
5309 353
5308 353
5307 353
5306 352
5305 352
5304 352
5303 352
5302 352
5301 351
5300 351
5299 351
5298 351
5297 351
5296 350
5295 350
5294 350
5293 350
5292 350
5291 349
5290 349
5289 349
5288 349
5287 349
5286 348
5285 348
5284 348
5283 348
5282 348
5281 347
5280 347
5279 347
5278 347
5277 347
5276 346
5275 346
5274 346
5273 346
5272 346
5271 345
5270 345
5269 345
5268 345
5267 345
5266 344
5265 344
5264 344
5263 344
5262 344
5261 343
5260 343
5259 343
5258 343
5257 343
5256 343
5255 342
5254 342
5253 342
5252 342
5251 342
5250 341
5249 341
5248 341
5247 341
5246 341
5245 340
5244 340
5243 340
5242 340
5241 340
5240 339
5239 339
5238 339
5237 339
5236 339
5235 338
5234 338
5233 338
5232 338
5231 338
5230 337
5229 337
5228 337
5227 337
5226 337
5225 336
5224 336
5223 336
5222 336
5221 336
5220 336
5219 335
5218 335
5217 335
5216 335
5215 335
5214 334
5213 334
5212 334
5211 334
5210 334
5209 333
5208 333
5207 333
5206 333
5205 333
5204 332
5203 332
5202 332
5201 332
5200 332
5199 331
5198 331
5197 331
5196 331
5195 331
5194 331
5193 330
5192 330
5191 330
5190 330
5189 330
5188 329
5187 329
5186 329
5185 329
5184 329
5183 328
5182 328
5181 328
5180 328
5179 328
5178 327
5177 327
5176 327
5175 327
5174 327
5173 327
5172 326
5171 326
5170 326
5169 326
5168 326
5167 325
5166 325
5165 325
5164 325
5163 325
5162 324
5161 324
5160 324
5159 324
5158 324
5157 323
5156 323
5155 323
5154 323
5153 323
5152 323
5151 322
5150 322
5149 322
5148 322
5147 322
5146 321
5145 321
5144 321
5143 321
5142 321
5141 320
5140 320
5139 320
5138 320
5137 320
5136 320
5135 319
5134 319
5133 319
5132 319
5131 319
5130 318
5129 318
5128 318
5127 318
5126 318
5125 317
5124 317
5123 317
5122 317
5121 317
5120 317
5119 316
5118 316
5117 316
5116 316
5115 316
5114 315
5113 315
5112 315
5111 315
5110 315
5109 315
5108 314
5107 314
5106 314
5105 314
5104 314
5103 313
5102 313
5101 313
5100 313
5099 313
5098 312
5097 312
5096 312
5095 312
5094 312
5093 312
5092 311
5091 311
5090 311
5089 311
5088 311
5087 310
5086 310
5085 310
5084 310
5083 310
5082 310
5081 309
5080 309
5079 309
5078 309
5077 309
5076 308
5075 308
5074 308
5073 308
5072 308
5071 308
5070 307
5069 307
5068 307
5067 307
5066 307
5065 306
5064 306
5063 306
5062 306
5061 306
5060 306
5059 305
5058 305
5057 305
5056 305
5055 305
5054 304
5053 304
5052 304
5051 304
5050 304
5049 304
5048 303
5047 303
5046 303
5045 303
5044 303
5043 302
5042 302
5041 302
5040 302
5039 302
5038 302
5037 301
5036 301
5035 301
5034 301
5033 301
5032 300
5031 300
5030 300
5029 300
5028 300
5027 300
5026 299
5025 299
5024 299
5023 299
5022 299
5021 299
5020 298
5019 298
5018 298
5017 298
5016 298
5015 297
5014 297
5013 297
5012 297
5011 297
5010 297
5009 296
5008 296
5007 296
5006 296
5005 296
5004 295
5003 295
5002 295
5001 295
5000 295
4999 295
4998 294
4997 294
4996 294
4995 294
4994 294
4993 294
4992 293
4991 293
4990 293
4989 293
4988 293
4987 292
4986 292
4985 292
4984 292
4983 292
4982 292
4981 291
4980 291
4979 291
4978 291
4977 291
4976 291
4975 290
4974 290
4973 290
4972 290
4971 290
4970 289
4969 289
4968 289
4967 289
4966 289
4965 289
4964 288
4963 288
4962 288
4961 288
4960 288
4959 288
4958 287
4957 287
4956 287
4955 287
4954 287
4953 287
4952 286
4951 286
4950 286
4949 286
4948 286
4947 285
4946 285
4945 285
4944 285
4943 285
4942 285
4941 284
4940 284
4939 284
4938 284
4937 284
4936 284
4935 283
4934 283
4933 283
4932 283
4931 283
4930 283
4929 282
4928 282
4927 282
4926 282
4925 282
4924 282
4923 281
4922 281
4921 281
4920 281
4919 281
4918 280
4917 280
4916 280
4915 280
4914 280
4913 280
4912 279
4911 279
4910 279
4909 279
4908 279
4907 279
4906 278
4905 278
4904 278
4903 278
4902 278
4901 278
4900 277
4899 277
4898 277
4897 277
4896 277
4895 277
4894 276
4893 276
4892 276
4891 276
4890 276
4889 276
4888 275
4887 275
4886 275
4885 275
4884 275
4883 275
4882 274
4881 274
4880 274
4879 274
4878 274
4877 274
4876 273
4875 273
4874 273
4873 273
4872 273
4871 273
4870 272
4869 272
4868 272
4867 272
4866 272
4865 271
4864 271
4863 271
4862 271
4861 271
4860 271
4859 270
4858 270
4857 270
4856 270
4855 270
4854 270
4853 269
4852 269
4851 269
4850 269
4849 269
4848 269
4847 268
4846 268
4845 268
4844 268
4843 268
4842 268
4841 267
4840 267
4839 267
4838 267
4837 267
4836 267
4835 266
4834 266
4833 266
4832 266
4831 266
4830 266
4829 265
4828 265
4827 265
4826 265
4825 265
4824 265
4823 265
4822 264
4821 264
4820 264
4819 264
4818 264
4817 264
4816 263
4815 263
4814 263
4813 263
4812 263
4811 263
4810 262
4809 262
4808 262
4807 262
4806 262
4805 262
4804 261
4803 261
4802 261
4801 261
4800 261
4799 261
4798 260
4797 260
4796 260
4795 260
4794 260
4793 260
4792 259
4791 259
4790 259
4789 259
4788 259
4787 259
4786 258
4785 258
4784 258
4783 258
4782 258
4781 258
4780 257
4779 257
4778 257
4777 257
4776 257
4775 257
4774 257
4773 256
4772 256
4771 256
4770 256
4769 256
4768 256
4767 255
4766 255
4765 255
4764 255
4763 255
4762 255
4761 254
4760 254
4759 254
4758 254
4757 254
4756 254
4755 253
4754 253
4753 253
4752 253
4751 253
4750 253
4749 252
4748 252
4747 252
4746 252
4745 252
4744 252
4743 252
4742 251
4741 251
4740 251
4739 251
4738 251
4737 251
4736 250
4735 250
4734 250
4733 250
4732 250
4731 250
4730 249
4729 249
4728 249
4727 249
4726 249
4725 249
4724 249
4723 248
4722 248
4721 248
4720 248
4719 248
4718 248
4717 247
4716 247
4715 247
4714 247
4713 247
4712 247
4711 246
4710 246
4709 246
4708 246
4707 246
4706 246
4705 246
4704 245
4703 245
4702 245
4701 245
4700 245
4699 245
4698 244
4697 244
4696 244
4695 244
4694 244
4693 244
4692 243
4691 243
4690 243
4689 243
4688 243
4687 243
4686 243
4685 242
4684 242
4683 242
4682 242
4681 242
4680 242
4679 241
4678 241
4677 241
4676 241
4675 241
4674 241
4673 241
4672 240
4671 240
4670 240
4669 240
4668 240
4667 240
4666 239
4665 239
4664 239
4663 239
4662 239
4661 239
4660 239
4659 238
4658 238
4657 238
4656 238
4655 238
4654 238
4653 237
4652 237
4651 237
4650 237
4649 237
4648 237
4647 237
4646 236
4645 236
4644 236
4643 236
4642 236
4641 236
4640 235
4639 235
4638 235
4637 235
4636 235
4635 235
4634 235
4633 234
4632 234
4631 234
4630 234
4629 234
4628 234
4627 233
4626 233
4625 233
4624 233
4623 233
4622 233
4621 233
4620 232
4619 232
4618 232
4617 232
4616 232
4615 232
4614 232
4613 231
4612 231
4611 231
4610 231
4609 231
4608 231
4607 230
4606 230
4605 230
4604 230
4603 230
4602 230
4601 230
4600 229
4599 229
4598 229
4597 229
4596 229
4595 229
4594 229
4593 228
4592 228
4591 228
4590 228
4589 228
4588 228
4587 227
4586 227
4585 227
4584 227
4583 227
4582 227
4581 227
4580 226
4579 226
4578 226
4577 226
4576 226
4575 226
4574 226
4573 225
4572 225
4571 225
4570 225
4569 225
4568 225
4567 224
4566 224
4565 224
4564 224
4563 224
4562 224
4561 224
4560 223
4559 223
4558 223
4557 223
4556 223
4555 223
4554 223
4553 222
4552 222
4551 222
4550 222
4549 222
4548 222
4547 222
4546 221
4545 221
4544 221
4543 221
4542 221
4541 221
4540 221
4539 220
4538 220
4537 220
4536 220
4535 220
4534 220
4533 220
4532 219
4531 219
4530 219
4529 219
4528 219
4527 219
4526 218
4525 218
4524 218
4523 218
4522 218
4521 218
4520 218
4519 217
4518 217
4517 217
4516 217
4515 217
4514 217
4513 217
4512 216
4511 216
4510 216
4509 216
4508 216
4507 216
4506 216
4505 215
4504 215
4503 215
4502 215
4501 215
4500 215
4499 215
4498 214
4497 214
4496 214
4495 214
4494 214
4493 214
4492 214
4491 213
4490 213
4489 213
4488 213
4487 213
4486 213
4485 213
4484 212
4483 212
4482 212
4481 212
4480 212
4479 212
4478 212
4477 211
4476 211
4475 211
4474 211
4473 211
4472 211
4471 211
4470 210
4469 210
4468 210
4467 210
4466 210
4465 210
4464 210
4463 209
4462 209
4461 209
4460 209
4459 209
4458 209
4457 209
4456 208
4455 208
4454 208
4453 208
4452 208
4451 208
4450 208
4449 207
4448 207
4447 207
4446 207
4445 207
4444 207
4443 207
4442 207
4441 206
4440 206
4439 206
4438 206
4437 206
4436 206
4435 206
4434 205
4433 205
4432 205
4431 205
4430 205
4429 205
4428 205
4427 204
4426 204
4425 204
4424 204
4423 204
4422 204
4421 204
4420 203
4419 203
4418 203
4417 203
4416 203
4415 203
4414 203
4413 202
4412 202
4411 202
4410 202
4409 202
4408 202
4407 202
4406 202
4405 201
4404 201
4403 201
4402 201
4401 201
4400 201
4399 201
4398 200
4397 200
4396 200
4395 200
4394 200
4393 200
4392 200
4391 199
4390 199
4389 199
4388 199
4387 199
4386 199
4385 199
4384 199
4383 198
4382 198
4381 198
4380 198
4379 198
4378 198
4377 198
4376 197
4375 197
4374 197
4373 197
4372 197
4371 197
4370 197
4369 196
4368 196
4367 196
4366 196
4365 196
4364 196
4363 196
4362 196
4361 195
4360 195
4359 195
4358 195
4357 195
4356 195
4355 195
4354 194
4353 194
4352 194
4351 194
4350 194
4349 194
4348 194
4347 194
4346 193
4345 193
4344 193
4343 193
4342 193
4341 193
4340 193
4339 192
4338 192
4337 192
4336 192
4335 192
4334 192
4333 192
4332 192
4331 191
4330 191
4329 191
4328 191
4327 191
4326 191
4325 191
4324 190
4323 190
4322 190
4321 190
4320 190
4319 190
4318 190
4317 190
4316 189
4315 189
4314 189
4313 189
4312 189
4311 189
4310 189
4309 188
4308 188
4307 188
4306 188
4305 188
4304 188
4303 188
4302 188
4301 187
4300 187
4299 187
4298 187
4297 187
4296 187
4295 187
4294 186
4293 186
4292 186
4291 186
4290 186
4289 186
4288 186
4287 186
4286 185
4285 185
4284 185
4283 185
4282 185
4281 185
4280 185
4279 185
4278 184
4277 184
4276 184
4275 184
4274 184
4273 184
4272 184
4271 184
4270 183
4269 183
4268 183
4267 183
4266 183
4265 183
4264 183
4263 182
4262 182
4261 182
4260 182
4259 182
4258 182
4257 182
4256 182
4255 181
4254 181
4253 181
4252 181
4251 181
4250 181
4249 181
4248 181
4247 180
4246 180
4245 180
4244 180
4243 180
4242 180
4241 180
4240 180
4239 179
4238 179
4237 179
4236 179
4235 179
4234 179
4233 179
4232 179
4231 178
4230 178
4229 178
4228 178
4227 178
4226 178
4225 178
4224 177
4223 177
4222 177
4221 177
4220 177
4219 177
4218 177
4217 177
4216 176
4215 176
4214 176
4213 176
4212 176
4211 176
4210 176
4209 176
4208 175
4207 175
4206 175
4205 175
4204 175
4203 175
4202 175
4201 175
4200 174
4199 174
4198 174
4197 174
4196 174
4195 174
4194 174
4193 174
4192 173
4191 173
4190 173
4189 173
4188 173
4187 173
4186 173
4185 173
4184 172
4183 172
4182 172
4181 172
4180 172
4179 172
4178 172
4177 172
4176 171
4175 171
4174 171
4173 171
4172 171
4171 171
4170 171
4169 171
4168 171
4167 170
4166 170
4165 170
4164 170
4163 170
4162 170
4161 170
4160 170
4159 169
4158 169
4157 169
4156 169
4155 169
4154 169
4153 169
4152 169
4151 168
4150 168
4149 168
4148 168
4147 168
4146 168
4145 168
4144 168
4143 167
4142 167
4141 167
4140 167
4139 167
4138 167
4137 167
4136 167
4135 166
4134 166
4133 166
4132 166
4131 166
4130 166
4129 166
4128 166
4127 166
4126 165
4125 165
4124 165
4123 165
4122 165
4121 165
4120 165
4119 165
4118 164
4117 164
4116 164
4115 164
4114 164
4113 164
4112 164
4111 164
4110 163
4109 163
4108 163
4107 163
4106 163
4105 163
4104 163
4103 163
4102 163
4101 162
4100 162
4099 162
4098 162
4097 162
4096 162
4095 162
4094 162
4093 161
4092 161
4091 161
4090 161
4089 161
4088 161
4087 161
4086 161
4085 160
4084 160
4083 160
4082 160
4081 160
4080 160
4079 160
4078 160
4077 160
4076 159
4075 159
4074 159
4073 159
4072 159
4071 159
4070 159
4069 159
4068 158
4067 158
4066 158
4065 158
4064 158
4063 158
4062 158
4061 158
4060 158
4059 157
4058 157
4057 157
4056 157
4055 157
4054 157
4053 157
4052 157
4051 156
4050 156
4049 156
4048 156
4047 156
4046 156
4045 156
4044 156
4043 156
4042 155
4041 155
4040 155
4039 155
4038 155
4037 155
4036 155
4035 155
4034 155
4033 154
4032 154
4031 154
4030 154
4029 154
4028 154
4027 154
4026 154
4025 153
4024 153
4023 153
4022 153
4021 153
4020 153
4019 153
4018 153
4017 153
4016 152
4015 152
4014 152
4013 152
4012 152
4011 152
4010 152
4009 152
4008 152
4007 151
4006 151
4005 151
4004 151
4003 151
4002 151
4001 151
4000 151
3999 151
3998 150
3997 150
3996 150
3995 150
3994 150
3993 150
3992 150
3991 150
3990 150
3989 149
3988 149
3987 149
3986 149
3985 149
3984 149
3983 149
3982 149
3981 148
3980 148
3979 148
3978 148
3977 148
3976 148
3975 148
3974 148
3973 148
3972 147
3971 147
3970 147
3969 147
3968 147
3967 147
3966 147
3965 147
3964 147
3963 146
3962 146
3961 146
3960 146
3959 146
3958 146
3957 146
3956 146
3955 146
3954 145
3953 145
3952 145
3951 145
3950 145
3949 145
3948 145
3947 145
3946 145
3945 144
3944 144
3943 144
3942 144
3941 144
3940 144
3939 144
3938 144
3937 144
3936 143
3935 143
3934 143
3933 143
3932 143
3931 143
3930 143
3929 143
3928 143
3927 143
3926 142
3925 142
3924 142
3923 142
3922 142
3921 142
3920 142
3919 142
3918 142
3917 141
3916 141
3915 141
3914 141
3913 141
3912 141
3911 141
3910 141
3909 141
3908 140
3907 140
3906 140
3905 140
3904 140
3903 140
3902 140
3901 140
3900 140
3899 139
3898 139
3897 139
3896 139
3895 139
3894 139
3893 139
3892 139
3891 139
3890 139
3889 138
3888 138
3887 138
3886 138
3885 138
3884 138
3883 138
3882 138
3881 138
3880 137
3879 137
3878 137
3877 137
3876 137
3875 137
3874 137
3873 137
3872 137
3871 136
3870 136
3869 136
3868 136
3867 136
3866 136
3865 136
3864 136
3863 136
3862 136
3861 135
3860 135
3859 135
3858 135
3857 135
3856 135
3855 135
3854 135
3853 135
3852 134
3851 134
3850 134
3849 134
3848 134
3847 134
3846 134
3845 134
3844 134
3843 134
3842 133
3841 133
3840 133
3839 133
3838 133
3837 133
3836 133
3835 133
3834 133
3833 132
3832 132
3831 132
3830 132
3829 132
3828 132
3827 132
3826 132
3825 132
3824 132
3823 131
3822 131
3821 131
3820 131
3819 131
3818 131
3817 131
3816 131
3815 131
3814 131
3813 130
3812 130
3811 130
3810 130
3809 130
3808 130
3807 130
3806 130
3805 130
3804 129
3803 129
3802 129
3801 129
3800 129
3799 129
3798 129
3797 129
3796 129
3795 129
3794 128
3793 128
3792 128
3791 128
3790 128
3789 128
3788 128
3787 128
3786 128
3785 128
3784 127
3783 127
3782 127
3781 127
3780 127
3779 127
3778 127
3777 127
3776 127
3775 127
3774 126
3773 126
3772 126
3771 126
3770 126
3769 126
3768 126
3767 126
3766 126
3765 126
3764 125
3763 125
3762 125
3761 125
3760 125
3759 125
3758 125
3757 125
3756 125
3755 125
3754 124
3753 124
3752 124
3751 124
3750 124
3749 124
3748 124
3747 124
3746 124
3745 124
3744 123
3743 123
3742 123
3741 123
3740 123
3739 123
3738 123
3737 123
3736 123
3735 123
3734 122
3733 122
3732 122
3731 122
3730 122
3729 122
3728 122
3727 122
3726 122
3725 122
3724 121
3723 121
3722 121
3721 121
3720 121
3719 121
3718 121
3717 121
3716 121
3715 121
3714 120
3713 120
3712 120
3711 120
3710 120
3709 120
3708 120
3707 120
3706 120
3705 120
3704 119
3703 119
3702 119
3701 119
3700 119
3699 119
3698 119
3697 119
3696 119
3695 119
3694 119
3693 118
3692 118
3691 118
3690 118
3689 118
3688 118
3687 118
3686 118
3685 118
3684 118
3683 117
3682 117
3681 117
3680 117
3679 117
3678 117
3677 117
3676 117
3675 117
3674 117
3673 117
3672 116
3671 116
3670 116
3669 116
3668 116
3667 116
3666 116
3665 116
3664 116
3663 116
3662 115
3661 115
3660 115
3659 115
3658 115
3657 115
3656 115
3655 115
3654 115
3653 115
3652 115
3651 114
3650 114
3649 114
3648 114
3647 114
3646 114
3645 114
3644 114
3643 114
3642 114
3641 113
3640 113
3639 113
3638 113
3637 113
3636 113
3635 113
3634 113
3633 113
3632 113
3631 113
3630 112
3629 112
3628 112
3627 112
3626 112
3625 112
3624 112
3623 112
3622 112
3621 112
3620 112
3619 111
3618 111
3617 111
3616 111
3615 111
3614 111
3613 111
3612 111
3611 111
3610 111
3609 110
3608 110
3607 110
3606 110
3605 110
3604 110
3603 110
3602 110
3601 110
3600 110
3599 110
3598 109
3597 109
3596 109
3595 109
3594 109
3593 109
3592 109
3591 109
3590 109
3589 109
3588 109
3587 108
3586 108
3585 108
3584 108
3583 108
3582 108
3581 108
3580 108
3579 108
3578 108
3577 108
3576 107
3575 107
3574 107
3573 107
3572 107
3571 107
3570 107
3569 107
3568 107
3567 107
3566 107
3565 106
3564 106
3563 106
3562 106
3561 106
3560 106
3559 106
3558 106
3557 106
3556 106
3555 106
3554 105
3553 105
3552 105
3551 105
3550 105
3549 105
3548 105
3547 105
3546 105
3545 105
3544 105
3543 105
3542 104
3541 104
3540 104
3539 104
3538 104
3537 104
3536 104
3535 104
3534 104
3533 104
3532 104
3531 103
3530 103
3529 103
3528 103
3527 103
3526 103
3525 103
3524 103
3523 103
3522 103
3521 103
3520 102
3519 102
3518 102
3517 102
3516 102
3515 102
3514 102
3513 102
3512 102
3511 102
3510 102
3509 102
3508 101
3507 101
3506 101
3505 101
3504 101
3503 101
3502 101
3501 101
3500 101
3499 101
3498 101
3497 100
3496 100
3495 100
3494 100
3493 100
3492 100
3491 100
3490 100
3489 100
3488 100
3487 100
3486 100
3485 99
3484 99
3483 99
3482 99
3481 99
3480 99
3479 99
3478 99
3477 99
3476 99
3475 99
3474 98
3473 98
3472 98
3471 98
3470 98
3469 98
3468 98
3467 98
3466 98
3465 98
3464 98
3463 98
3462 97
3461 97
3460 97
3459 97
3458 97
3457 97
3456 97
3455 97
3454 97
3453 97
3452 97
3451 97
3450 96
3449 96
3448 96
3447 96
3446 96
3445 96
3444 96
3443 96
3442 96
3441 96
3440 96
3439 96
3438 95
3437 95
3436 95
3435 95
3434 95
3433 95
3432 95
3431 95
3430 95
3429 95
3428 95
3427 95
3426 94
3425 94
3424 94
3423 94
3422 94
3421 94
3420 94
3419 94
3418 94
3417 94
3416 94
3415 94
3414 93
3413 93
3412 93
3411 93
3410 93
3409 93
3408 93
3407 93
3406 93
3405 93
3404 93
3403 93
3402 92
3401 92
3400 92
3399 92
3398 92
3397 92
3396 92
3395 92
3394 92
3393 92
3392 92
3391 92
3390 91
3389 91
3388 91
3387 91
3386 91
3385 91
3384 91
3383 91
3382 91
3381 91
3380 91
3379 91
3378 91
3377 90
3376 90
3375 90
3374 90
3373 90
3372 90
3371 90
3370 90
3369 90
3368 90
3367 90
3366 90
3365 89
3364 89
3363 89
3362 89
3361 89
3360 89
3359 89
3358 89
3357 89
3356 89
3355 89
3354 89
3353 88
3352 88
3351 88
3350 88
3349 88
3348 88
3347 88
3346 88
3345 88
3344 88
3343 88
3342 88
3341 88
3340 87
3339 87
3338 87
3337 87
3336 87
3335 87
3334 87
3333 87
3332 87
3331 87
3330 87
3329 87
3328 87
3327 86
3326 86
3325 86
3324 86
3323 86
3322 86
3321 86
3320 86
3319 86
3318 86
3317 86
3316 86
3315 86
3314 85
3313 85
3312 85
3311 85
3310 85
3309 85
3308 85
3307 85
3306 85
3305 85
3304 85
3303 85
3302 84
3301 84
3300 84
3299 84
3298 84
3297 84
3296 84
3295 84
3294 84
3293 84
3292 84
3291 84
3290 84
3289 83
3288 83
3287 83
3286 83
3285 83
3284 83
3283 83
3282 83
3281 83
3280 83
3279 83
3278 83
3277 83
3276 83
3275 82
3274 82
3273 82
3272 82
3271 82
3270 82
3269 82
3268 82
3267 82
3266 82
3265 82
3264 82
3263 82
3262 81
3261 81
3260 81
3259 81
3258 81
3257 81
3256 81
3255 81
3254 81
3253 81
3252 81
3251 81
3250 81
3249 80
3248 80
3247 80
3246 80
3245 80
3244 80
3243 80
3242 80
3241 80
3240 80
3239 80
3238 80
3237 80
3236 79
3235 79
3234 79
3233 79
3232 79
3231 79
3230 79
3229 79
3228 79
3227 79
3226 79
3225 79
3224 79
3223 79
3222 78
3221 78
3220 78
3219 78
3218 78
3217 78
3216 78
3215 78
3214 78
3213 78
3212 78
3211 78
3210 78
3209 78
3208 77
3207 77
3206 77
3205 77
3204 77
3203 77
3202 77
3201 77
3200 77
3199 77
3198 77
3197 77
3196 77
3195 76
3194 76
3193 76
3192 76
3191 76
3190 76
3189 76
3188 76
3187 76
3186 76
3185 76
3184 76
3183 76
3182 76
3181 75
3180 75
3179 75
3178 75
3177 75
3176 75
3175 75
3174 75
3173 75
3172 75
3171 75
3170 75
3169 75
3168 75
3167 74
3166 74
3165 74
3164 74
3163 74
3162 74
3161 74
3160 74
3159 74
3158 74
3157 74
3156 74
3155 74
3154 74
3153 73
3152 73
3151 73
3150 73
3149 73
3148 73
3147 73
3146 73
3145 73
3144 73
3143 73
3142 73
3141 73
3140 73
3139 73
3138 72
3137 72
3136 72
3135 72
3134 72
3133 72
3132 72
3131 72
3130 72
3129 72
3128 72
3127 72
3126 72
3125 72
3124 71
3123 71
3122 71
3121 71
3120 71
3119 71
3118 71
3117 71
3116 71
3115 71
3114 71
3113 71
3112 71
3111 71
3110 71
3109 70
3108 70
3107 70
3106 70
3105 70
3104 70
3103 70
3102 70
3101 70
3100 70
3099 70
3098 70
3097 70
3096 70
3095 69
3094 69
3093 69
3092 69
3091 69
3090 69
3089 69
3088 69
3087 69
3086 69
3085 69
3084 69
3083 69
3082 69
3081 69
3080 68
3079 68
3078 68
3077 68
3076 68
3075 68
3074 68
3073 68
3072 68
3071 68
3070 68
3069 68
3068 68
3067 68
3066 68
3065 67
3064 67
3063 67
3062 67
3061 67
3060 67
3059 67
3058 67
3057 67
3056 67
3055 67
3054 67
3053 67
3052 67
3051 67
3050 66
3049 66
3048 66
3047 66
3046 66
3045 66
3044 66
3043 66
3042 66
3041 66
3040 66
3039 66
3038 66
3037 66
3036 66
3035 65
3034 65
3033 65
3032 65
3031 65
3030 65
3029 65
3028 65
3027 65
3026 65
3025 65
3024 65
3023 65
3022 65
3021 65
3020 65
3019 64
3018 64
3017 64
3016 64
3015 64
3014 64
3013 64
3012 64
3011 64
3010 64
3009 64
3008 64
3007 64
3006 64
3005 64
3004 63
3003 63
3002 63
3001 63
3000 63
2999 63
2998 63
2997 63
2996 63
2995 63
2994 63
2993 63
2992 63
2991 63
2990 63
2989 63
2988 62
2987 62
2986 62
2985 62
2984 62
2983 62
2982 62
2981 62
2980 62
2979 62
2978 62
2977 62
2976 62
2975 62
2974 62
2973 62
2972 61
2971 61
2970 61
2969 61
2968 61
2967 61
2966 61
2965 61
2964 61
2963 61
2962 61
2961 61
2960 61
2959 61
2958 61
2957 61
2956 60
2955 60
2954 60
2953 60
2952 60
2951 60
2950 60
2949 60
2948 60
2947 60
2946 60
2945 60
2944 60
2943 60
2942 60
2941 60
2940 59
2939 59
2938 59
2937 59
2936 59
2935 59
2934 59
2933 59
2932 59
2931 59
2930 59
2929 59
2928 59
2927 59
2926 59
2925 59
2924 59
2923 58
2922 58
2921 58
2920 58
2919 58
2918 58
2917 58
2916 58
2915 58
2914 58
2913 58
2912 58
2911 58
2910 58
2909 58
2908 58
2907 57
2906 57
2905 57
2904 57
2903 57
2902 57
2901 57
2900 57
2899 57
2898 57
2897 57
2896 57
2895 57
2894 57
2893 57
2892 57
2891 57
2890 56
2889 56
2888 56
2887 56
2886 56
2885 56
2884 56
2883 56
2882 56
2881 56
2880 56
2879 56
2878 56
2877 56
2876 56
2875 56
2874 56
2873 55
2872 55
2871 55
2870 55
2869 55
2868 55
2867 55
2866 55
2865 55
2864 55
2863 55
2862 55
2861 55
2860 55
2859 55
2858 55
2857 55
2856 54
2855 54
2854 54
2853 54
2852 54
2851 54
2850 54
2849 54
2848 54
2847 54
2846 54
2845 54
2844 54
2843 54
2842 54
2841 54
2840 54
2839 54
2838 53
2837 53
2836 53
2835 53
2834 53
2833 53
2832 53
2831 53
2830 53
2829 53
2828 53
2827 53
2826 53
2825 53
2824 53
2823 53
2822 53
2821 52
2820 52
2819 52
2818 52
2817 52
2816 52
2815 52
2814 52
2813 52
2812 52
2811 52
2810 52
2809 52
2808 52
2807 52
2806 52
2805 52
2804 52
2803 51
2802 51
2801 51
2800 51
2799 51
2798 51
2797 51
2796 51
2795 51
2794 51
2793 51
2792 51
2791 51
2790 51
2789 51
2788 51
2787 51
2786 51
2785 50
2784 50
2783 50
2782 50
2781 50
2780 50
2779 50
2778 50
2777 50
2776 50
2775 50
2774 50
2773 50
2772 50
2771 50
2770 50
2769 50
2768 50
2767 49
2766 49
2765 49
2764 49
2763 49
2762 49
2761 49
2760 49
2759 49
2758 49
2757 49
2756 49
2755 49
2754 49
2753 49
2752 49
2751 49
2750 49
2749 49
2748 48
2747 48
2746 48
2745 48
2744 48
2743 48
2742 48
2741 48
2740 48
2739 48
2738 48
2737 48
2736 48
2735 48
2734 48
2733 48
2732 48
2731 48
2730 48
2729 47
2728 47
2727 47
2726 47
2725 47
2724 47
2723 47
2722 47
2721 47
2720 47
2719 47
2718 47
2717 47
2716 47
2715 47
2714 47
2713 47
2712 47
2711 47
2710 46
2709 46
2708 46
2707 46
2706 46
2705 46
2704 46
2703 46
2702 46
2701 46
2700 46
2699 46
2698 46
2697 46
2696 46
2695 46
2694 46
2693 46
2692 46
2691 45
2690 45
2689 45
2688 45
2687 45
2686 45
2685 45
2684 45
2683 45
2682 45
2681 45
2680 45
2679 45
2678 45
2677 45
2676 45
2675 45
2674 45
2673 45
2672 45
2671 44
2670 44
2669 44
2668 44
2667 44
2666 44
2665 44
2664 44
2663 44
2662 44
2661 44
2660 44
2659 44
2658 44
2657 44
2656 44
2655 44
2654 44
2653 44
2652 44
2651 43
2650 43
2649 43
2648 43
2647 43
2646 43
2645 43
2644 43
2643 43
2642 43
2641 43
2640 43
2639 43
2638 43
2637 43
2636 43
2635 43
2634 43
2633 43
2632 43
2631 42
2630 42
2629 42
2628 42
2627 42
2626 42
2625 42
2624 42
2623 42
2622 42
2621 42
2620 42
2619 42
2618 42
2617 42
2616 42
2615 42
2614 42
2613 42
2612 42
2611 42
2610 41
2609 41
2608 41
2607 41
2606 41
2605 41
2604 41
2603 41
2602 41
2601 41
2600 41
2599 41
2598 41
2597 41
2596 41
2595 41
2594 41
2593 41
2592 41
2591 41
2590 40
2589 40
2588 40
2587 40
2586 40
2585 40
2584 40
2583 40
2582 40
2581 40
2580 40
2579 40
2578 40
2577 40
2576 40
2575 40
2574 40
2573 40
2572 40
2571 40
2570 40
2569 40
2568 39
2567 39
2566 39
2565 39
2564 39
2563 39
2562 39
2561 39
2560 39
2559 39
2558 39
2557 39
2556 39
2555 39
2554 39
2553 39
2552 39
2551 39
2550 39
2549 39
2548 39
2547 38
2546 38
2545 38
2544 38
2543 38
2542 38
2541 38
2540 38
2539 38
2538 38
2537 38
2536 38
2535 38
2534 38
2533 38
2532 38
2531 38
2530 38
2529 38
2528 38
2527 38
2526 38
2525 37
2524 37
2523 37
2522 37
2521 37
2520 37
2519 37
2518 37
2517 37
2516 37
2515 37
2514 37
2513 37
2512 37
2511 37
2510 37
2509 37
2508 37
2507 37
2506 37
2505 37
2504 37
2503 36
2502 36
2501 36
2500 36
2499 36
2498 36
2497 36
2496 36
2495 36
2494 36
2493 36
2492 36
2491 36
2490 36
2489 36
2488 36
2487 36
2486 36
2485 36
2484 36
2483 36
2482 36
2481 36
2480 35
2479 35
2478 35
2477 35
2476 35
2475 35
2474 35
2473 35
2472 35
2471 35
2470 35
2469 35
2468 35
2467 35
2466 35
2465 35
2464 35
2463 35
2462 35
2461 35
2460 35
2459 35
2458 35
2457 34
2456 34
2455 34
2454 34
2453 34
2452 34
2451 34
2450 34
2449 34
2448 34
2447 34
2446 34
2445 34
2444 34
2443 34
2442 34
2441 34
2440 34
2439 34
2438 34
2437 34
2436 34
2435 34
2434 34
2433 33
2432 33
2431 33
2430 33
2429 33
2428 33
2427 33
2426 33
2425 33
2424 33
2423 33
2422 33
2421 33
2420 33
2419 33
2418 33
2417 33
2416 33
2415 33
2414 33
2413 33
2412 33
2411 33
2410 33
2409 32
2408 32
2407 32
2406 32
2405 32
2404 32
2403 32
2402 32
2401 32
2400 32
2399 32
2398 32
2397 32
2396 32
2395 32
2394 32
2393 32
2392 32
2391 32
2390 32
2389 32
2388 32
2387 32
2386 32
2385 32
2384 31
2383 31
2382 31
2381 31
2380 31
2379 31
2378 31
2377 31
2376 31
2375 31
2374 31
2373 31
2372 31
2371 31
2370 31
2369 31
2368 31
2367 31
2366 31
2365 31
2364 31
2363 31
2362 31
2361 31
2360 31
2359 30
2358 30
2357 30
2356 30
2355 30
2354 30
2353 30
2352 30
2351 30
2350 30
2349 30
2348 30
2347 30
2346 30
2345 30
2344 30
2343 30
2342 30
2341 30
2340 30
2339 30
2338 30
2337 30
2336 30
2335 30
2334 29
2333 29
2332 29
2331 29
2330 29
2329 29
2328 29
2327 29
2326 29
2325 29
2324 29
2323 29
2322 29
2321 29
2320 29
2319 29
2318 29
2317 29
2316 29
2315 29
2314 29
2313 29
2312 29
2311 29
2310 29
2309 29
2308 29
2307 28
2306 28
2305 28
2304 28
2303 28
2302 28
2301 28
2300 28
2299 28
2298 28
2297 28
2296 28
2295 28
2294 28
2293 28
2292 28
2291 28
2290 28
2289 28
2288 28
2287 28
2286 28
2285 28
2284 28
2283 28
2282 28
2281 27
2280 27
2279 27
2278 27
2277 27
2276 27
2275 27
2274 27
2273 27
2272 27
2271 27
2270 27
2269 27
2268 27
2267 27
2266 27
2265 27
2264 27
2263 27
2262 27
2261 27
2260 27
2259 27
2258 27
2257 27
2256 27
2255 27
2254 27
2253 26
2252 26
2251 26
2250 26
2249 26
2248 26
2247 26
2246 26
2245 26
2244 26
2243 26
2242 26
2241 26
2240 26
2239 26
2238 26
2237 26
2236 26
2235 26
2234 26
2233 26
2232 26
2231 26
2230 26
2229 26
2228 26
2227 26
2226 26
2225 25
2224 25
2223 25
2222 25
2221 25
2220 25
2219 25
2218 25
2217 25
2216 25
2215 25
2214 25
2213 25
2212 25
2211 25
2210 25
2209 25
2208 25
2207 25
2206 25
2205 25
2204 25
2203 25
2202 25
2201 25
2200 25
2199 25
2198 25
2197 25
2196 24
2195 24
2194 24
2193 24
2192 24
2191 24
2190 24
2189 24
2188 24
2187 24
2186 24
2185 24
2184 24
2183 24
2182 24
2181 24
2180 24
2179 24
2178 24
2177 24
2176 24
2175 24
2174 24
2173 24
2172 24
2171 24
2170 24
2169 24
2168 24
2167 24
2166 23
2165 23
2164 23
2163 23
2162 23
2161 23
2160 23
2159 23
2158 23
2157 23
2156 23
2155 23
2154 23
2153 23
2152 23
2151 23
2150 23
2149 23
2148 23
2147 23
2146 23
2145 23
2144 23
2143 23
2142 23
2141 23
2140 23
2139 23
2138 23
2137 23
2136 22
2135 22
2134 22
2133 22
2132 22
2131 22
2130 22
2129 22
2128 22
2127 22
2126 22
2125 22
2124 22
2123 22
2122 22
2121 22
2120 22
2119 22
2118 22
2117 22
2116 22
2115 22
2114 22
2113 22
2112 22
2111 22
2110 22
2109 22
2108 22
2107 22
2106 22
2105 21
2104 21
2103 21
2102 21
2101 21
2100 21
2099 21
2098 21
2097 21
2096 21
2095 21
2094 21
2093 21
2092 21
2091 21
2090 21
2089 21
2088 21
2087 21
2086 21
2085 21
2084 21
2083 21
2082 21
2081 21
2080 21
2079 21
2078 21
2077 21
2076 21
2075 21
2074 21
2073 21
2072 20
2071 20
2070 20
2069 20
2068 20
2067 20
2066 20
2065 20
2064 20
2063 20
2062 20
2061 20
2060 20
2059 20
2058 20
2057 20
2056 20
2055 20
2054 20
2053 20
2052 20
2051 20
2050 20
2049 20
2048 20
2047 20
2046 20
2045 20
2044 20
2043 20
2042 20
2041 20
2040 20
2039 19
2038 19
2037 19
2036 19
2035 19
2034 19
2033 19
2032 19
2031 19
2030 19
2029 19
2028 19
2027 19
2026 19
2025 19
2024 19
2023 19
2022 19
2021 19
2020 19
2019 19
2018 19
2017 19
2016 19
2015 19
2014 19
2013 19
2012 19
2011 19
2010 19
2009 19
2008 19
2007 19
2006 19
2005 19
2004 18
2003 18
2002 18
2001 18
2000 18
1999 18
1998 18
1997 18
1996 18
1995 18
1994 18
1993 18
1992 18
1991 18
1990 18
1989 18
1988 18
1987 18
1986 18
1985 18
1984 18
1983 18
1982 18
1981 18
1980 18
1979 18
1978 18
1977 18
1976 18
1975 18
1974 18
1973 18
1972 18
1971 18
1970 18
1969 17
1968 17
1967 17
1966 17
1965 17
1964 17
1963 17
1962 17
1961 17
1960 17
1959 17
1958 17
1957 17
1956 17
1955 17
1954 17
1953 17
1952 17
1951 17
1950 17
1949 17
1948 17
1947 17
1946 17
1945 17
1944 17
1943 17
1942 17
1941 17
1940 17
1939 17
1938 17
1937 17
1936 17
1935 17
1934 17
1933 17
1932 17
1931 16
1930 16
1929 16
1928 16
1927 16
1926 16
1925 16
1924 16
1923 16
1922 16
1921 16
1920 16
1919 16
1918 16
1917 16
1916 16
1915 16
1914 16
1913 16
1912 16
1911 16
1910 16
1909 16
1908 16
1907 16
1906 16
1905 16
1904 16
1903 16
1902 16
1901 16
1900 16
1899 16
1898 16
1897 16
1896 16
1895 16
1894 16
1893 15
1892 15
1891 15
1890 15
1889 15
1888 15
1887 15
1886 15
1885 15
1884 15
1883 15
1882 15
1881 15
1880 15
1879 15
1878 15
1877 15
1876 15
1875 15
1874 15
1873 15
1872 15
1871 15
1870 15
1869 15
1868 15
1867 15
1866 15
1865 15
1864 15
1863 15
1862 15
1861 15
1860 15
1859 15
1858 15
1857 15
1856 15
1855 15
1854 15
1853 14
1852 14
1851 14
1850 14
1849 14
1848 14
1847 14
1846 14
1845 14
1844 14
1843 14
1842 14
1841 14
1840 14
1839 14
1838 14
1837 14
1836 14
1835 14
1834 14
1833 14
1832 14
1831 14
1830 14
1829 14
1828 14
1827 14
1826 14
1825 14
1824 14
1823 14
1822 14
1821 14
1820 14
1819 14
1818 14
1817 14
1816 14
1815 14
1814 14
1813 14
1812 14
1811 14
1810 13
1809 13
1808 13
1807 13
1806 13
1805 13
1804 13
1803 13
1802 13
1801 13
1800 13
1799 13
1798 13
1797 13
1796 13
1795 13
1794 13
1793 13
1792 13
1791 13
1790 13
1789 13
1788 13
1787 13
1786 13
1785 13
1784 13
1783 13
1782 13
1781 13
1780 13
1779 13
1778 13
1777 13
1776 13
1775 13
1774 13
1773 13
1772 13
1771 13
1770 13
1769 13
1768 13
1767 13
1766 12
1765 12
1764 12
1763 12
1762 12
1761 12
1760 12
1759 12
1758 12
1757 12
1756 12
1755 12
1754 12
1753 12
1752 12
1751 12
1750 12
1749 12
1748 12
1747 12
1746 12
1745 12
1744 12
1743 12
1742 12
1741 12
1740 12
1739 12
1738 12
1737 12
1736 12
1735 12
1734 12
1733 12
1732 12
1731 12
1730 12
1729 12
1728 12
1727 12
1726 12
1725 12
1724 12
1723 12
1722 12
1721 12
1720 11
1719 11
1718 11
1717 11
1716 11
1715 11
1714 11
1713 11
1712 11
1711 11
1710 11
1709 11
1708 11
1707 11
1706 11
1705 11
1704 11
1703 11
1702 11
1701 11
1700 11
1699 11
1698 11
1697 11
1696 11
1695 11
1694 11
1693 11
1692 11
1691 11
1690 11
1689 11
1688 11
1687 11
1686 11
1685 11
1684 11
1683 11
1682 11
1681 11
1680 11
1679 11
1678 11
1677 11
1676 11
1675 11
1674 11
1673 11
1672 11
1671 10
1670 10
1669 10
1668 10
1667 10
1666 10
1665 10
1664 10
1663 10
1662 10
1661 10
1660 10
1659 10
1658 10
1657 10
1656 10
1655 10
1654 10
1653 10
1652 10
1651 10
1650 10
1649 10
1648 10
1647 10
1646 10
1645 10
1644 10
1643 10
1642 10
1641 10
1640 10
1639 10
1638 10
1637 10
1636 10
1635 10
1634 10
1633 10
1632 10
1631 10
1630 10
1629 10
1628 10
1627 10
1626 10
1625 10
1624 10
1623 10
1622 10
1621 10
1620 10
1619 9
1618 9
1617 9
1616 9
1615 9
1614 9
1613 9
1612 9
1611 9
1610 9
1609 9
1608 9
1607 9
1606 9
1605 9
1604 9
1603 9
1602 9
1601 9
1600 9
1599 9
1598 9
1597 9
1596 9
1595 9
1594 9
1593 9
1592 9
1591 9
1590 9
1589 9
1588 9
1587 9
1586 9
1585 9
1584 9
1583 9
1582 9
1581 9
1580 9
1579 9
1578 9
1577 9
1576 9
1575 9
1574 9
1573 9
1572 9
1571 9
1570 9
1569 9
1568 9
1567 9
1566 9
1565 9
1564 9
1563 8
1562 8
1561 8
1560 8
1559 8
1558 8
1557 8
1556 8
1555 8
1554 8
1553 8
1552 8
1551 8
1550 8
1549 8
1548 8
1547 8
1546 8
1545 8
1544 8
1543 8
1542 8
1541 8
1540 8
1539 8
1538 8
1537 8
1536 8
1535 8
1534 8
1533 8
1532 8
1531 8
1530 8
1529 8
1528 8
1527 8
1526 8
1525 8
1524 8
1523 8
1522 8
1521 8
1520 8
1519 8
1518 8
1517 8
1516 8
1515 8
1514 8
1513 8
1512 8
1511 8
1510 8
1509 8
1508 8
1507 8
1506 8
1505 8
1504 8
1503 7
1502 7
1501 7
1500 7
1499 7
1498 7
1497 7
1496 7
1495 7
1494 7
1493 7
1492 7
1491 7
1490 7
1489 7
1488 7
1487 7
1486 7
1485 7
1484 7
1483 7
1482 7
1481 7
1480 7
1479 7
1478 7
1477 7
1476 7
1475 7
1474 7
1473 7
1472 7
1471 7
1470 7
1469 7
1468 7
1467 7
1466 7
1465 7
1464 7
1463 7
1462 7
1461 7
1460 7
1459 7
1458 7
1457 7
1456 7
1455 7
1454 7
1453 7
1452 7
1451 7
1450 7
1449 7
1448 7
1447 7
1446 7
1445 7
1444 7
1443 7
1442 7
1441 7
1440 7
1439 7
1438 7
1437 6
1436 6
1435 6
1434 6
1433 6
1432 6
1431 6
1430 6
1429 6
1428 6
1427 6
1426 6
1425 6
1424 6
1423 6
1422 6
1421 6
1420 6
1419 6
1418 6
1417 6
1416 6
1415 6
1414 6
1413 6
1412 6
1411 6
1410 6
1409 6
1408 6
1407 6
1406 6
1405 6
1404 6
1403 6
1402 6
1401 6
1400 6
1399 6
1398 6
1397 6
1396 6
1395 6
1394 6
1393 6
1392 6
1391 6
1390 6
1389 6
1388 6
1387 6
1386 6
1385 6
1384 6
1383 6
1382 6
1381 6
1380 6
1379 6
1378 6
1377 6
1376 6
1375 6
1374 6
1373 6
1372 6
1371 6
1370 6
1369 6
1368 6
1367 6
1366 6
1365 5
1364 5
1363 5
1362 5
1361 5
1360 5
1359 5
1358 5
1357 5
1356 5
1355 5
1354 5
1353 5
1352 5
1351 5
1350 5
1349 5
1348 5
1347 5
1346 5
1345 5
1344 5
1343 5
1342 5
1341 5
1340 5
1339 5
1338 5
1337 5
1336 5
1335 5
1334 5
1333 5
1332 5
1331 5
1330 5
1329 5
1328 5
1327 5
1326 5
1325 5
1324 5
1323 5
1322 5
1321 5
1320 5
1319 5
1318 5
1317 5
1316 5
1315 5
1314 5
1313 5
1312 5
1311 5
1310 5
1309 5
1308 5
1307 5
1306 5
1305 5
1304 5
1303 5
1302 5
1301 5
1300 5
1299 5
1298 5
1297 5
1296 5
1295 5
1294 5
1293 5
1292 5
1291 5
1290 5
1289 5
1288 5
1287 5
1286 5
1285 4
1284 4
1283 4
1282 4
1281 4
1280 4
1279 4
1278 4
1277 4
1276 4
1275 4
1274 4
1273 4
1272 4
1271 4
1270 4
1269 4
1268 4
1267 4
1266 4
1265 4
1264 4
1263 4
1262 4
1261 4
1260 4
1259 4
1258 4
1257 4
1256 4
1255 4
1254 4
1253 4
1252 4
1251 4
1250 4
1249 4
1248 4
1247 4
1246 4
1245 4
1244 4
1243 4
1242 4
1241 4
1240 4
1239 4
1238 4
1237 4
1236 4
1235 4
1234 4
1233 4
1232 4
1231 4
1230 4
1229 4
1228 4
1227 4
1226 4
1225 4
1224 4
1223 4
1222 4
1221 4
1220 4
1219 4
1218 4
1217 4
1216 4
1215 4
1214 4
1213 4
1212 4
1211 4
1210 4
1209 4
1208 4
1207 4
1206 4
1205 4
1204 4
1203 4
1202 4
1201 4
1200 4
1199 4
1198 4
1197 4
1196 4
1195 4
1194 4
1193 3
1192 3
1191 3
1190 3
1189 3
1188 3
1187 3
1186 3
1185 3
1184 3
1183 3
1182 3
1181 3
1180 3
1179 3
1178 3
1177 3
1176 3
1175 3
1174 3
1173 3
1172 3
1171 3
1170 3
1169 3
1168 3
1167 3
1166 3
1165 3
1164 3
1163 3
1162 3
1161 3
1160 3
1159 3
1158 3
1157 3
1156 3
1155 3
1154 3
1153 3
1152 3
1151 3
1150 3
1149 3
1148 3
1147 3
1146 3
1145 3
1144 3
1143 3
1142 3
1141 3
1140 3
1139 3
1138 3
1137 3
1136 3
1135 3
1134 3
1133 3
1132 3
1131 3
1130 3
1129 3
1128 3
1127 3
1126 3
1125 3
1124 3
1123 3
1122 3
1121 3
1120 3
1119 3
1118 3
1117 3
1116 3
1115 3
1114 3
1113 3
1112 3
1111 3
1110 3
1109 3
1108 3
1107 3
1106 3
1105 3
1104 3
1103 3
1102 3
1101 3
1100 3
1099 3
1098 3
1097 3
1096 3
1095 3
1094 3
1093 3
1092 3
1091 3
1090 3
1089 3
1088 3
1087 3
1086 3
1085 3
1084 2
1083 2
1082 2
1081 2
1080 2
1079 2
1078 2
1077 2
1076 2
1075 2
1074 2
1073 2
1072 2
1071 2
1070 2
1069 2
1068 2
1067 2
1066 2
1065 2
1064 2
1063 2
1062 2
1061 2
1060 2
1059 2
1058 2
1057 2
1056 2
1055 2
1054 2
1053 2
1052 2
1051 2
1050 2
1049 2
1048 2
1047 2
1046 2
1045 2
1044 2
1043 2
1042 2
1041 2
1040 2
1039 2
1038 2
1037 2
1036 2
1035 2
1034 2
1033 2
1032 2
1031 2
1030 2
1029 2
1028 2
1027 2
1026 2
1025 2
1024 2
1023 2
1022 2
1021 2
1020 2
1019 2
1018 2
1017 2
1016 2
1015 2
1014 2
1013 2
1012 2
1011 2
1010 2
1009 2
1008 2
1007 2
1006 2
1005 2
1004 2
1003 2
1002 2
1001 2
1000 2
999 2
998 2
997 2
996 2
995 2
994 2
993 2
992 2
991 2
990 2
989 2
988 2
987 2
986 2
985 2
984 2
983 2
982 2
981 2
980 2
979 2
978 2
977 2
976 2
975 2
974 2
973 2
972 2
971 2
970 2
969 2
968 2
967 2
966 2
965 2
964 2
963 2
962 2
961 2
960 2
959 2
958 2
957 2
956 2
955 2
954 2
953 2
952 2
951 2
950 2
949 2
948 2
947 1
946 1
945 1
944 1
943 1
942 1
941 1
940 1
939 1
938 1
937 1
936 1
935 1
934 1
933 1
932 1
931 1
930 1
929 1
928 1
927 1
926 1
925 1
924 1
923 1
922 1
921 1
920 1
919 1
918 1
917 1
916 1
915 1
914 1
913 1
912 1
911 1
910 1
909 1
908 1
907 1
906 1
905 1
904 1
903 1
902 1
901 1
900 1
899 1
898 1
897 1
896 1
895 1
894 1
893 1
892 1
891 1
890 1
889 1
888 1
887 1
886 1
885 1
884 1
883 1
882 1
881 1
880 1
879 1
878 1
877 1
876 1
875 1
874 1
873 1
872 1
871 1
870 1
869 1
868 1
867 1
866 1
865 1
864 1
863 1
862 1
861 1
860 1
859 1
858 1
857 1
856 1
855 1
854 1
853 1
852 1
851 1
850 1
849 1
848 1
847 1
846 1
845 1
844 1
843 1
842 1
841 1
840 1
839 1
838 1
837 1
836 1
835 1
834 1
833 1
832 1
831 1
830 1
829 1
828 1
827 1
826 1
825 1
824 1
823 1
822 1
821 1
820 1
819 1
818 1
817 1
816 1
815 1
814 1
813 1
812 1
811 1
810 1
809 1
808 1
807 1
806 1
805 1
804 1
803 1
802 1
801 1
800 1
799 1
798 1
797 1
796 1
795 1
794 1
793 1
792 1
791 1
790 1
789 1
788 1
787 1
786 1
785 1
784 1
783 1
782 1
781 1
780 1
779 1
778 1
777 1
776 1
775 1
774 1
773 1
772 1
771 1
770 1
769 1
768 1
767 1
766 1
765 1
764 1
763 1
762 1
761 1
760 1
759 1
758 1
757 1
756 1
755 1
754 1
753 1
752 0
751 0
750 0
749 0
748 0
747 0
746 0
745 0
744 0
743 0
742 0
741 0
740 0
739 0
738 0
737 0
736 0
735 0
734 0
733 0
732 0
731 0
730 0
729 0
728 0
727 0
726 0
725 0
724 0
723 0
722 0
721 0
720 0
719 0
718 0
717 0
716 0
715 0
714 0
713 0
712 0
711 0
710 0
709 0
708 0
707 0
706 0
705 0
704 0
703 0
702 0
701 0
700 0
699 0
698 0
697 0
696 0
695 0
694 0
693 0
692 0
691 0
690 0
689 0
688 0
687 0
686 0
685 0
684 0
683 0
682 0
681 0
680 0
679 0
678 0
677 0
676 0
675 0
674 0
673 0
672 0
671 0
670 0
669 0
668 0
667 0
666 0
665 0
664 0
663 0
662 0
661 0
660 0
659 0
658 0
657 0
656 0
655 0
654 0
653 0
652 0
651 0
650 0
649 0
648 0
647 0
646 0
645 0
644 0
643 0
642 0
641 0
640 0
639 0
638 0
637 0
636 0
635 0
634 0
633 0
632 0
631 0
630 0
629 0
628 0
627 0
626 0
625 0
624 0
623 0
622 0
621 0
620 0
619 0
618 0
617 0
616 0
615 0
614 0
613 0
612 0
611 0
610 0
609 0
608 0
607 0
606 0
605 0
604 0
603 0
602 0
601 0
600 0
599 0
598 0
597 0
596 0
595 0
594 0
593 0
592 0
591 0
590 0
589 0
588 0
587 0
586 0
585 0
584 0
583 0
582 0
581 0
580 0
579 0
578 0
577 0
576 0
575 0
574 0
573 0
572 0
571 0
570 0
569 0
568 0
567 0
566 0
565 0
564 0
563 0
562 0
561 0
560 0
559 0
558 0
557 0
556 0
555 0
554 0
553 0
552 0
551 0
550 0
549 0
548 0
547 0
546 0
545 0
544 0
543 0
542 0
541 0
540 0
539 0
538 0
537 0
536 0
535 0
534 0
533 0
532 0
531 0
530 0
529 0
528 0
527 0
526 0
525 0
524 0
523 0
522 0
521 0
520 0
519 0
518 0
517 0
516 0
515 0
514 0
513 0
512 0
511 0
510 0
509 0
508 0
507 0
506 0
505 0
504 0
503 0
502 0
501 0
500 0
499 0
498 0
497 0
496 0
495 0
494 0
493 0
492 0
491 0
490 0
489 0
488 0
487 0
486 0
485 0
484 0
483 0
482 0
481 0
480 0
479 0
478 0
477 0
476 0
475 0
474 0
473 0
472 0
471 0
470 0
469 0
468 0
467 0
466 0
465 0
464 0
463 0
462 0
461 0
460 0
459 0
458 0
457 0
456 0
455 0
454 0
453 0
452 0
451 0
450 0
449 0
448 0
447 0
446 0
445 0
444 0
443 0
442 0
441 0
440 0
439 0
438 0
437 0
436 0
435 0
434 0
433 0
432 0
431 0
430 0
429 0
428 0
427 0
426 0
425 0
424 0
423 0
422 0
421 0
420 0
419 0
418 0
417 0
416 0
415 0
414 0
413 0
412 0
411 0
410 0
409 0
408 0
407 0
406 0
405 0
404 0
403 0
402 0
401 0
400 0
399 0
398 0
397 0
396 0
395 0
394 0
393 0
392 0
391 0
390 0
389 0
388 0
387 0
386 0
385 0
384 0
383 0
382 0
381 0
380 0
379 0
378 0
377 0
376 0
375 0
374 0
373 0
372 0
371 0
370 0
369 0
368 0
367 0
366 0
365 0
364 0
363 0
362 0
361 0
360 0
359 0
358 0
357 0
356 0
355 0
354 0
353 0
352 0
351 0
350 0
349 0
348 0
347 0
346 0
345 0
344 0
343 0
342 0
341 0
340 0
339 0
338 0
337 0
336 0
335 0
334 0
333 0
332 0
331 0
330 0
329 0
328 0
327 0
326 0
325 0
324 0
323 0
322 0
321 0
320 0
319 0
318 0
317 0
316 0
315 0
314 0
313 0
312 0
311 0
310 0
309 0
308 0
307 0
306 0
305 0
304 0
303 0
302 0
301 0
300 0
299 0
298 0
297 0
296 0
295 0
294 0
293 0
292 0
291 0
290 0
289 0
288 0
287 0
286 0
285 0
284 0
283 0
282 0
281 0
280 0
279 0
278 0
277 0
276 0
275 0
274 0
273 0
272 0
271 0
270 0
269 0
268 0
267 0
266 0
265 0
264 0
263 0
262 0
261 0
260 0
259 0
258 0
257 0
256 0
255 0
254 0
253 0
252 0
251 0
250 0
249 0
248 0
247 0
246 0
245 0
244 0
243 0
242 0
241 0
240 0
239 0
238 0
237 0
236 0
235 0
234 0
233 0
232 0
231 0
230 0
229 0
228 0
227 0
226 0
225 0
224 0
223 0
222 0
221 0
220 0
219 0
218 0
217 0
216 0
215 0
214 0
213 0
212 0
211 0
210 0
209 0
208 0
207 0
206 0
205 0
204 0
203 0
202 0
201 0
200 0
199 0
198 0
197 0
196 0
195 0
194 0
193 0
192 0
191 0
190 0
189 0
188 0
187 0
186 0
185 0
184 0
183 0
182 0
181 0
180 0
179 0
178 0
177 0
176 0
175 0
174 0
173 0
172 0
171 0
170 0
169 0
168 0
167 0
166 0
165 0
164 0
163 0
162 0
161 0
160 0
159 0
158 0
157 0
156 0
155 0
154 0
153 0
152 0
151 0
150 0
149 0
148 0
147 0
146 0
145 0
144 0
143 0
142 0
141 0
140 0
139 0
138 0
137 0
136 0
135 0
134 0
133 0
132 0
131 0
130 0
129 0
128 0
127 0
126 0
125 0
124 0
123 0
122 0
121 0
120 0
119 0
118 0
117 0
116 0
115 0
114 0
113 0
112 0
111 0
110 0
109 0
108 0
107 0
106 0
105 0
104 0
103 0
102 0
101 0
100 0
99 0
98 0
97 0
96 0
95 0
94 0
93 0
92 0
91 0
90 0
89 0
88 0
87 0
86 0
85 0
84 0
83 0
82 0
81 0
80 0
79 0
78 0
77 0
76 0
75 0
74 0
73 0
72 0
71 0
70 0
69 0
68 0
67 0
66 0
65 0
64 0
63 0
62 0
61 0
60 0
59 0
58 0
57 0
56 0
55 0
54 0
53 0
52 0
51 0
50 0
49 0
48 0
47 0
46 0
45 0
44 0
43 0
42 0
41 0
40 0
39 0
38 0
37 0
36 0
35 0
34 0
33 0
32 0
31 0
30 0
29 0
28 0
27 0
26 0
25 0
24 0
23 0
22 0
21 0
20 0
19 0
18 0
17 0
16 0
15 0
14 0
13 0
12 0
11 0
10 0
9 0
8 0
7 0
6 0
5 0
4 0
3 0
2 0
1 0
